load finish
load finish
开始执行!
Device: cuda:0
model_save_path =  models/model3_logical_spect_100_32_0.0001_Unet_innovation23
self.data_root =  /g813_u1/mnt/2021
self.protocols_dir =  /g813_u1/mnt/2021/ASVspoof_LA_cm_protocols/
self.protocols_fname =  /g813_u1/mnt/2021/ASVspoof_LA_cm_protocols/ASVspoof2019.LA.cm.dev.trl.txt
self.cache_fname =  /g813_u1/mkj/twice_attention_networks-main/ta-network-main/cache_dev_LA_spect.npy
self.cache_matlab_fname =  cache_dev_LA_spect.mat
Dataset loaded from cache  /g813_u1/mkj/twice_attention_networks-main/ta-network-main/cache_dev_LA_spect.npy
args.model_path =  None
self.data_root =  /g813_u1/mnt/2021
self.protocols_dir =  /g813_u1/mnt/2021/ASVspoof_LA_cm_protocols/
self.protocols_fname =  /g813_u1/mnt/2021/ASVspoof_LA_cm_protocols/ASVspoof2019.LA.cm.train.trn.txt
self.cache_fname =  /g813_u1/mkj/twice_attention_networks-main/ta-network-main/cache_train_LA_spect.npy
self.cache_matlab_fname =  cache_train_LA_spect.mat
Dataset loaded from cache  /g813_u1/mkj/twice_attention_networks-main/ta-network-main/cache_train_LA_spect.npy
 	 87.50 	 84.38 	 28.12 	 68.75 	 62.50 	 81.25 	 81.25 	 71.88 	 34.38 	 62.50 	 75.00 	 71.88 	 65.62 	 78.12 	 75.00 	 87.50 	 87.50 	 81.25 	 84.38 	 81.25 	 96.88 	 84.38 	 71.88 	 93.75 	 81.25 	 84.38 	 81.25 	 84.38 	 100.00 	 96.88 	 93.75 	 93.75 	 90.62 	 96.88 	 100.00 	 96.88 	 84.38 	 93.75 	 90.62 	 87.50 	 90.62 	 90.62 	 87.50 	 96.88 	 84.38 	 84.38 	 96.88 	 93.75 	 90.62 	 84.38 	 75.00 	 93.75 	 84.38 	 96.88 	 93.75 	 96.88 	 93.75 	 84.38 	 90.62 	 96.88 	 84.38 	 100.00 	 84.38 	 87.50 	 90.62 	 96.88 	 93.75 	 68.75 	 100.00 	 87.50 	 81.25 	 93.75 	 81.25 	 96.88 	 100.00 	 93.75 	 93.75 	 96.88 	 75.00
train_eer =  0.13644073847409222
train_threshold =  0.024749755859375
num_total_sum =  4.0
num_correct_sum =  4.0
dev_eer =  0.08320064591208678
0 - 0.00013930148270446807 - 100.00 - 88.75
一轮的训练时间： 645.8032624721527
 	 93.75 	 96.88 	 93.75 	 90.62 	 100.00 	 93.75 	 96.88 	 90.62 	 96.88 	 96.88 	 100.00 	 96.88 	 90.62 	 96.88 	 90.62 	 100.00 	 100.00 	 96.88 	 90.62 	 78.12 	 93.75 	 90.62 	 93.75 	 100.00 	 90.62 	 93.75 	 93.75 	 100.00 	 87.50 	 96.88 	 90.62 	 87.50 	 93.75 	 93.75 	 93.75 	 96.88 	 100.00 	 100.00 	 96.88 	 100.00 	 96.88 	 100.00 	 96.88 	 100.00 	 96.88 	 93.75 	 96.88 	 96.88 	 100.00 	 93.75 	 96.88 	 96.88 	 87.50 	 87.50 	 93.75 	 90.62 	 96.88 	 100.00 	 87.50 	 100.00 	 96.88 	 100.00 	 96.88 	 96.88 	 100.00 	 100.00 	 93.75 	 90.62 	 100.00 	 93.75 	 96.88 	 96.88 	 96.88 	 96.88 	 100.00 	 96.88 	 96.88 	 96.88 	 100.00
train_eer =  0.04758720930232559
train_threshold =  -0.036865234375
num_total_sum =  4.0
num_correct_sum =  2.0
dev_eer =  0.058879594315162515
1 - 1.0301998853683472 - 50.00 - 96.76
一轮的训练时间： 662.1392641067505
 	 93.75 	 100.00 	 90.62 	 87.50 	 93.75 	 93.75 	 100.00 	 93.75 	 96.88 	 100.00 	 96.88 	 100.00 	 96.88 	 100.00 	 100.00 	 100.00 	 100.00 	 96.88 	 100.00 	 87.50 	 96.88 	 93.75 	 93.75 	 90.62 	 100.00 	 100.00 	 96.88 	 75.00 	 100.00 	 93.75 	 100.00 	 100.00 	 96.88 	 100.00 	 90.62 	 100.00 	 96.88 	 90.62 	 100.00 	 93.75 	 96.88 	 100.00 	 96.88 	 96.88 	 96.88 	 96.88 	 96.88 	 100.00 	 100.00 	 96.88 	 93.75 	 96.88 	 100.00 	 100.00 	 96.88 	 100.00 	 96.88 	 100.00 	 96.88 	 96.88 	 100.00 	 100.00 	 100.00 	 100.00 	 100.00 	 96.88 	 100.00 	 93.75 	 100.00 	 100.00 	 100.00 	 100.00 	 100.00 	 96.88 	 100.00 	 96.88 	 100.00 	 96.88 	 96.88
train_eer =  0.028748980008159935
train_threshold =  -0.19953620433807373
num_total_sum =  4.0
num_correct_sum =  3.0
dev_eer =  0.05965329329545845
2 - 1.1181992292404175 - 75.00 - 97.04
一轮的训练时间： 629.447021484375
 	 93.75 	 100.00 	 96.88 	 96.88 	 100.00 	 100.00 	 90.62 	 100.00 	 90.62 	 100.00 	 96.88 	 100.00 	 100.00 	 100.00 	 96.88 	 87.50 	 96.88 	 90.62 	 96.88 	 93.75 	 100.00 	 100.00 	 96.88 	 100.00 	 96.88 	 100.00 	 100.00 	 100.00 	 90.62 	 96.88 	 93.75 	 100.00 	 100.00 	 96.88 	 100.00 	 96.88 	 100.00 	 100.00 	 100.00 	 100.00 	 100.00 	 100.00 	 100.00 	 96.88 	 100.00 	 100.00 	 96.88 	 100.00 	 100.00 	 100.00 	 100.00 	 100.00 	 100.00 	 100.00 	 100.00 	 96.88 	 93.75 	 100.00 	 93.75 	 100.00 	 100.00 	 84.38 	 100.00 	 100.00 	 100.00 	 100.00 	 100.00 	 100.00 	 93.75 	 96.88 	 100.00 	 100.00 	 96.88 	 90.62 	 84.38 	 100.00 	 100.00 	 100.00 	 96.88
train_eer =  0.02170797633618931
train_threshold =  -0.05571901798248291
num_total_sum =  4.0
num_correct_sum =  4.0
dev_eer =  0.024629411671930508
3 - 0.00040159138734452426 - 100.00 - 98.56
一轮的训练时间： 655.3051497936249
 	 100.00 	 100.00 	 90.62 	 90.62 	 96.88 	 100.00 	 100.00 	 100.00 	 93.75 	 100.00 	 93.75 	 96.88 	 100.00 	 96.88 	 100.00 	 96.88 	 96.88 	 100.00 	 100.00 	 93.75 	 100.00 	 96.88 	 93.75 	 100.00 	 100.00 	 100.00 	 93.75 	 100.00 	 100.00 	 100.00 	 100.00 	 100.00 	 100.00 	 100.00 	 90.62 	 100.00 	 100.00 	 93.75 	 100.00 	 100.00 	 100.00 	 100.00 	 96.88 	 100.00 	 90.62 	 96.88 	 93.75 	 100.00 	 96.88 	 96.88 	 100.00 	 100.00 	 100.00 	 96.88 	 100.00 	 100.00 	 100.00 	 100.00 	 100.00 	 100.00 	 100.00 	 100.00 	 96.88 	 100.00 	 100.00 	 100.00 	 100.00 	 100.00 	 100.00 	 96.88 	 96.88 	 100.00 	 96.88 	 100.00 	 100.00 	 93.75 	 100.00 	 87.50 	 96.88
train_eer =  0.01584047327621379
train_threshold =  0.04700404405593872
num_total_sum =  4.0
num_correct_sum =  4.0
dev_eer =  0.07024399558614536
4 - 2.9802320611338473e-08 - 100.00 - 96.80
一轮的训练时间： 634.1551110744476
 	 100.00 	 96.88 	 100.00 	 100.00 	 100.00 	 100.00 	 100.00 	 96.88 	 96.88 	 100.00 	 100.00 	 100.00 	 100.00 	 100.00 	 96.88 	 96.88 	 93.75 	 90.62 	 100.00 	 96.88 	 100.00 	 100.00 	 100.00 	 100.00 	 100.00 	 100.00 	 93.75 	 96.88 	 93.75 	 100.00 	 100.00 	 100.00 	 93.75 	 96.88 	 96.88 	 100.00 	 100.00 	 100.00 	 90.62 	 100.00 	 96.88 	 96.88 	 100.00 	 100.00 	 93.75 	 93.75 	 100.00 	 100.00 	 96.88 	 100.00 	 100.00 	 100.00 	 100.00 	 96.88 	 96.88 	 100.00 	 100.00 	 100.00 	 100.00 	 96.88 	 96.88 	 93.75 	 96.88 	 100.00 	 100.00 	 96.88 	 100.00 	 100.00 	 100.00 	 100.00 	 96.88 	 100.00 	 100.00 	 93.75 	 100.00 	 96.88 	 100.00 	 100.00 	 100.00
train_eer =  0.016231640146878827
train_threshold =  0.08717462420463562
num_total_sum =  4.0
num_correct_sum =  4.0
dev_eer =  0.020805767864817533
5 - 0.002347151981666684 - 100.00 - 98.72
一轮的训练时间： 653.3196883201599
 	 100.00 	 96.88 	 100.00 	 100.00 	 100.00 	 96.88 	 96.88 	 96.88 	 96.88 	 100.00 	 93.75 	 100.00 	 96.88 	 100.00 	 100.00 	 100.00 	 100.00 	 96.88 	 100.00 	 100.00 	 100.00 	 100.00 	 100.00 	 100.00 	 100.00 	 100.00 	 100.00 	 96.88 	 100.00 	 96.88 	 96.88 	 96.88 	 96.88 	 90.62 	 100.00 	 90.62 	 100.00 	 87.50 	 100.00 	 96.88 	 100.00 	 100.00 	 100.00 	 96.88 	 100.00 	 100.00 	 100.00 	 100.00 	 96.88 	 100.00 	 100.00 	 100.00 	 100.00 	 100.00 	 93.75 	 100.00 	 93.75 	 100.00 	 100.00 	 100.00 	 100.00 	 100.00 	 96.88 	 96.88 	 100.00 	 100.00 	 100.00 	 96.88 	 100.00 	 100.00 	 100.00 	 100.00 	 100.00 	 100.00 	 100.00 	 100.00 	 100.00 	 100.00 	 100.00
train_eer =  0.01288657690738474
train_threshold =  -0.013021200895309448
num_total_sum =  4.0
num_correct_sum =  4.0
dev_eer =  0.03137404460832109
6 - 0.00011552483192645013 - 100.00 - 90.52
一轮的训练时间： 652.3786427974701
 	 100.00 	 96.88 	 100.00 	 100.00 	 96.88 	 96.88 	 100.00 	 100.00 	 100.00 	 96.88 	 93.75 	 100.00 	 100.00 	 100.00 	 100.00 	 100.00 	 100.00 	 96.88 	 100.00 	 96.88 	 96.88 	 100.00 	 100.00 	 96.88 	 100.00 	 100.00 	 100.00 	 100.00 	 100.00 	 100.00 	 96.88 	 100.00 	 100.00 	 96.88 	 100.00 	 100.00 	 100.00 	 100.00 	 100.00 	 100.00 	 96.88 	 100.00 	 100.00 	 100.00 	 96.88 	 93.75 	 96.88 	 100.00 	 100.00 	 100.00 	 100.00 	 100.00 	 100.00 	 93.75 	 100.00 	 100.00 	 100.00 	 100.00 	 100.00 	 93.75 	 96.88 	 96.88 	 100.00 	 96.88 	 93.75 	 100.00 	 96.88 	 100.00 	 100.00 	 100.00 	 96.88 	 100.00 	 93.75 	 100.00 	 100.00 	 100.00 	 100.00 	 100.00 	 100.00
train_eer =  0.012407690738474093
train_threshold =  -0.13619118928909302
num_total_sum =  4.0
num_correct_sum =  4.0
dev_eer =  0.01837254318801297
7 - 0.0003115678555332124 - 100.00 - 97.60
一轮的训练时间： 564.9361703395844
 	 96.88 	 100.00 	 100.00 	 100.00 	 100.00 	 96.88 	 96.88 	 100.00 	 96.88 	 100.00 	 90.62 	 100.00 	 100.00 	 100.00 	 100.00 	 84.38 	 100.00 	 100.00 	 93.75 	 96.88 	 93.75 	 100.00 	 100.00 	 96.88 	 96.88 	 100.00 	 100.00 	 100.00 	 96.88 	 100.00 	 100.00 	 100.00 	 100.00 	 100.00 	 100.00 	 100.00 	 100.00 	 100.00 	 100.00 	 100.00 	 100.00 	 100.00 	 100.00 	 100.00 	 100.00 	 100.00 	 100.00 	 100.00 	 96.88 	 100.00 	 100.00 	 100.00 	 96.88 	 96.88 	 96.88 	 96.88 	 100.00 	 100.00 	 100.00 	 96.88 	 96.88 	 100.00 	 100.00 	 100.00 	 100.00 	 100.00 	 100.00 	 96.88 	 93.75 	 90.62 	 100.00 	 100.00 	 100.00 	 100.00 	 100.00 	 100.00 	 96.88 	 93.75 	 100.00
train_eer =  0.012798857609139127
train_threshold =  -0.16106390953063965
num_total_sum =  4.0
num_correct_sum =  4.0
dev_eer =  0.014526473833716644
8 - 2.249996759928763e-05 - 100.00 - 99.22
一轮的训练时间： 556.6745762825012
 	 100.00 	 96.88 	 96.88 	 96.88 	 100.00 	 100.00 	 100.00 	 100.00 	 100.00 	 100.00 	 100.00 	 100.00 	 100.00 	 100.00 	 96.88 	 100.00 	 100.00 	 96.88 	 100.00 	 100.00 	 100.00 	 100.00 	 96.88 	 100.00 	 100.00 	 100.00 	 100.00 	 100.00 	 100.00 	 100.00 	 96.88 	 100.00 	 100.00 	 96.88 	 100.00 	 100.00 	 100.00 	 100.00 	 100.00 	 100.00 	 100.00 	 100.00 	 100.00 	 87.50 	 96.88 	 100.00 	 100.00 	 100.00 	 100.00 	 96.88 	 100.00 	 100.00 	 96.88 	 100.00 	 96.88 	 100.00 	 100.00 	 100.00 	 96.88 	 100.00 	 100.00 	 100.00 	 100.00 	 100.00 	 100.00 	 100.00 	 100.00 	 96.88 	 100.00 	 96.88 	 100.00 	 100.00 	 100.00 	 100.00 	 100.00 	 96.88 	 100.00 	 100.00 	 100.00
train_eer =  0.008605671154630762
train_threshold =  0.13869145512580872
num_total_sum =  4.0
num_correct_sum =  4.0
dev_eer =  0.01923594435704231
9 - 0.0 - 100.00 - 99.07
一轮的训练时间： 558.7894656658173
 	 100.00 	 100.00 	 100.00 	 96.88 	 100.00 	 100.00 	 100.00 	 100.00 	 96.88 	 100.00 	 100.00 	 96.88 	 100.00 	 100.00 	 100.00 	 93.75 	 100.00 	 100.00 	 100.00 	 100.00 	 100.00 	 100.00 	 100.00 	 100.00 	 96.88 	 100.00 	 96.88 	 100.00 	 100.00 	 100.00 	 100.00 	 100.00 	 100.00 	 100.00 	 100.00 	 100.00 	 100.00 	 96.88 	 100.00 	 93.75 	 100.00 	 100.00 	 93.75 	 100.00 	 100.00 	 100.00 	 100.00 	 100.00 	 100.00 	 100.00 	 96.88 	 100.00 	 100.00 	 100.00 	 100.00 	 100.00 	 100.00 	 100.00 	 100.00 	 100.00 	 100.00 	 96.88 	 100.00 	 100.00 	 100.00 	 100.00 	 100.00 	 100.00 	 96.88 	 100.00 	 96.88 	 100.00 	 100.00 	 100.00 	 100.00 	 100.00 	 100.00 	 100.00 	 93.75
train_eer =  0.006584047327621379
train_threshold =  0.07675307989120483
num_total_sum =  4.0
num_correct_sum =  4.0
dev_eer =  0.10714606079245476
10 - 0.004169432912021875 - 100.00 - 92.32
一轮的训练时间： 544.2692308425903
 	 100.00 	 100.00 	 100.00 	 100.00 	 100.00 	 100.00 	 100.00 	 100.00 	 93.75 	 100.00 	 100.00 	 100.00 	 100.00 	 100.00 	 100.00 	 96.88 	 100.00 	 100.00 	 100.00 	 100.00 	 100.00 	 100.00 	 96.88 	 100.00 	 100.00 	 100.00 	 100.00 	 100.00 	 96.88 	 100.00 	 100.00 	 96.88 	 93.75 	 100.00 	 100.00 	 96.88 	 100.00 	 100.00 	 100.00 	 100.00 	 100.00 	 96.88 	 96.88 	 100.00 	 100.00 	 100.00 	 100.00 	 96.88 	 100.00 	 100.00 	 100.00 	 100.00 	 100.00 	 100.00 	 100.00 	 100.00 	 100.00 	 100.00 	 100.00 	 100.00 	 100.00 	 100.00 	 100.00 	 100.00 	 100.00 	 100.00 	 100.00 	 100.00 	 100.00 	 100.00 	 100.00 	 100.00 	 100.00 	 100.00 	 100.00 	 100.00 	 100.00 	 100.00 	 100.00
train_eer =  0.006192880456956344
train_threshold =  -0.04666474461555481
num_total_sum =  4.0
num_correct_sum =  4.0
dev_eer =  0.012468885873468373
11 - 4.380928203318035e-06 - 100.00 - 99.28
一轮的训练时间： 556.9226560592651
 	 100.00 	 100.00 	 100.00 	 100.00 	 100.00 	 100.00 	 96.88 	 96.88 	 100.00 	 100.00 	 100.00 	 100.00 	 100.00 	 100.00 	 100.00 	 100.00 	 100.00 	 100.00 	 100.00 	 100.00 	 100.00 	 100.00 	 100.00 	 100.00 	 100.00 	 100.00 	 96.88 	 100.00 	 100.00 	 96.88 	 100.00 	 100.00 	 100.00 	 100.00 	 100.00 	 100.00 	 100.00 	 96.88 	 96.88 	 100.00 	 96.88 	 100.00 	 100.00 	 96.88 	 100.00 	 100.00 	 100.00 	 100.00 	 100.00 	 100.00 	 100.00 	 100.00 	 100.00 	 100.00 	 100.00 	 100.00 	 93.75 	 100.00 	 100.00 	 100.00 	 93.75 	 100.00 	 96.88 	 100.00 	 100.00 	 100.00 	 100.00 	 100.00 	 100.00 	 96.88 	 100.00 	 100.00 	 100.00 	 96.88 	 100.00 	 100.00 	 100.00 	 100.00 	 100.00
train_eer =  0.008605671154630762
train_threshold =  0.18013623356819153
num_total_sum =  4.0
num_correct_sum =  3.0
dev_eer =  0.012956650325941423
12 - 0.7605723738670349 - 75.00 - 99.05
一轮的训练时间： 558.0286440849304
 	 100.00 	 100.00 	 100.00 	 100.00 	 100.00 	 96.88 	 100.00 	 100.00 	 100.00 	 100.00 	 96.88 	 100.00 	 100.00 	 100.00 	 100.00 	 100.00 	 100.00 	 100.00 	 100.00 	 100.00 	 100.00 	 100.00 	 100.00 	 100.00 	 96.88 	 96.88 	 100.00 	 96.88 	 100.00 	 100.00 	 100.00 	 100.00 	 100.00 	 100.00 	 100.00 	 100.00 	 100.00 	 100.00 	 100.00 	 100.00 	 100.00 	 96.88 	 96.88 	 93.75 	 100.00 	 100.00 	 100.00 	 100.00 	 100.00 	 100.00 	 96.88 	 100.00 	 100.00 	 96.88 	 100.00 	 100.00 	 100.00 	 100.00 	 100.00 	 93.75 	 96.88 	 96.88 	 100.00 	 96.88 	 93.75 	 96.88 	 100.00 	 93.75 	 100.00 	 96.88 	 96.88 	 100.00 	 96.88 	 100.00 	 96.88 	 100.00 	 100.00 	 100.00 	 96.88
train_eer =  0.00845216238270094
train_threshold =  -0.08422601222991943
num_total_sum =  4.0
num_correct_sum =  3.0
dev_eer =  0.010590702290686912
13 - 46.011722564697266 - 75.00 - 99.40
一轮的训练时间： 559.0844871997833
 	 100.00 	 96.88 	 100.00 	 100.00 	 100.00 	 100.00 	 100.00 	 100.00 	 100.00 	 100.00 	 100.00 	 100.00 	 100.00 	 100.00 	 100.00 	 100.00 	 100.00 	 100.00 	 100.00 	 96.88 	 100.00 	 100.00 	 96.88 	 100.00 	 93.75 	 96.88 	 96.88 	 100.00 	 100.00 	 96.88 	 100.00 	 100.00 	 100.00 	 100.00 	 100.00 	 100.00 	 100.00 	 100.00 	 100.00 	 96.88 	 96.88 	 100.00 	 100.00 	 96.88 	 96.88 	 100.00 	 100.00 	 100.00 	 100.00 	 96.88 	 100.00 	 100.00 	 100.00 	 100.00 	 100.00 	 96.88 	 100.00 	 100.00 	 100.00 	 96.88 	 100.00 	 100.00 	 96.88 	 93.75 	 93.75 	 100.00 	 100.00 	 100.00 	 100.00 	 93.75 	 100.00 	 100.00 	 100.00 	 100.00 	 100.00 	 100.00 	 100.00 	 100.00 	 100.00
train_eer =  0.009322215422276622
train_threshold =  -0.017528176307678223
num_total_sum =  4.0
num_correct_sum =  4.0
dev_eer =  0.014526473833716644
14 - 0.024380719289183617 - 100.00 - 98.95
一轮的训练时间： 563.3524208068848
 	 100.00 	 96.88 	 90.62 	 93.75 	 100.00 	 100.00 	 100.00 	 100.00 	 100.00 	 100.00 	 100.00 	 100.00 	 100.00 	 100.00 	 100.00 	 100.00 	 100.00 	 100.00 	 100.00 	 100.00 	 100.00 	 100.00 	 100.00 	 100.00 	 100.00 	 100.00 	 100.00 	 100.00 	 100.00 	 100.00 	 100.00 	 100.00 	 100.00 	 100.00 	 100.00 	 100.00 	 100.00 	 96.88 	 100.00 	 100.00 	 100.00 	 93.75 	 100.00 	 100.00 	 100.00 	 100.00 	 100.00 	 100.00 	 100.00 	 100.00 	 100.00 	 100.00 	 100.00 	 100.00 	 100.00 	 100.00 	 100.00 	 100.00 	 100.00 	 100.00 	 100.00 	 96.88 	 100.00 	 96.88 	 100.00 	 100.00 	 96.88 	 100.00 	 100.00 	 100.00 	 100.00 	 100.00 	 100.00 	 100.00 	 100.00 	 100.00 	 100.00 	 93.75 	 100.00
train_eer =  0.005823643410852713
train_threshold =  -0.6355705261230469
num_total_sum =  4.0
num_correct_sum =  3.0
dev_eer =  0.0227736536363324
15 - 0.18469281494617462 - 75.00 - 98.87
一轮的训练时间： 557.1786880493164
 	 100.00 	 100.00 	 100.00 	 100.00 	 100.00 	 100.00 	 96.88 	 100.00 	 100.00 	 100.00 	 96.88 	 100.00 	 96.88 	 100.00 	 100.00 	 100.00 	 100.00 	 100.00 	 100.00 	 100.00 	 100.00 	 100.00 	 100.00 	 100.00 	 100.00 	 100.00 	 100.00 	 100.00 	 100.00 	 100.00 	 100.00 	 96.88 	 100.00 	 100.00 	 100.00 	 96.88 	 96.88 	 100.00 	 100.00 	 100.00 	 100.00 	 100.00 	 100.00 	 96.88 	 100.00 	 100.00 	 100.00 	 100.00 	 100.00 	 100.00 	 100.00 	 100.00 	 100.00 	 100.00 	 100.00 	 100.00 	 100.00 	 100.00 	 100.00 	 96.88 	 100.00 	 100.00 	 100.00 	 100.00 	 100.00 	 100.00 	 96.88 	 96.88 	 100.00 	 96.88 	 100.00 	 100.00 	 100.00 	 100.00 	 100.00 	 96.88 	 96.88 	 96.88 	 84.38
train_eer =  0.006975214198286414
train_threshold =  -0.13825750350952148
num_total_sum =  4.0
num_correct_sum =  4.0
dev_eer =  0.016869996321787803
16 - 0.009638594463467598 - 100.00 - 94.05
一轮的训练时间： 537.834588766098
 	 100.00 	 100.00 	 100.00 	 100.00 	 96.88 	 100.00 	 100.00 	 100.00 	 100.00 	 100.00 	 100.00 	 100.00 	 100.00 	 100.00 	 100.00 	 100.00 	 100.00 	 100.00 	 100.00 	 100.00 	 100.00 	 100.00 	 96.88 	 100.00 	 100.00 	 100.00 	 96.88 	 100.00 	 96.88 	 96.88 	 100.00 	 100.00 	 100.00 	 100.00 	 100.00 	 100.00 	 100.00 	 100.00 	 100.00 	 100.00 	 100.00 	 100.00 	 100.00 	 100.00 	 100.00 	 100.00 	 100.00 	 100.00 	 100.00 	 100.00 	 100.00 	 96.88 	 100.00 	 100.00 	 100.00 	 96.88 	 100.00 	 100.00 	 100.00 	 100.00 	 100.00 	 100.00 	 100.00 	 100.00 	 93.75 	 100.00 	 100.00 	 100.00 	 96.88 	 96.88 	 93.75 	 96.88 	 96.88 	 96.88 	 100.00 	 100.00 	 96.88 	 100.00 	 100.00
train_eer =  0.008236434108527133
train_threshold =  -0.04082952439785004
num_total_sum =  4.0
num_correct_sum =  4.0
dev_eer =  0.015698235077752223
17 - 0.0 - 100.00 - 98.80
一轮的训练时间： 568.9832725524902
 	 100.00 	 100.00 	 96.88 	 100.00 	 100.00 	 100.00 	 100.00 	 100.00 	 100.00 	 100.00 	 100.00 	 100.00 	 100.00 	 100.00 	 96.88 	 100.00 	 100.00 	 100.00 	 100.00 	 100.00 	 100.00 	 100.00 	 100.00 	 100.00 	 96.88 	 100.00 	 100.00 	 96.88 	 100.00 	 100.00 	 100.00 	 100.00 	 100.00 	 96.88 	 100.00 	 100.00 	 100.00 	 100.00 	 100.00 	 100.00 	 100.00 	 100.00 	 100.00 	 100.00 	 100.00 	 100.00 	 100.00 	 100.00 	 100.00 	 100.00 	 100.00 	 100.00 	 100.00 	 100.00 	 96.88 	 100.00 	 100.00 	 100.00 	 100.00 	 96.88 	 96.88 	 100.00 	 100.00 	 100.00 	 100.00 	 100.00 	 100.00 	 100.00 	 100.00 	 100.00 	 100.00 	 100.00 	 100.00 	 93.75 	 100.00 	 100.00 	 100.00 	 100.00 	 100.00
train_eer =  0.005432476540187678
train_threshold =  -0.1728055477142334
num_total_sum =  4.0
num_correct_sum =  4.0
dev_eer =  0.01255858806220178
18 - 0.0 - 100.00 - 99.20
一轮的训练时间： 557.6681747436523
 	 100.00 	 100.00 	 100.00 	 100.00 	 96.88 	 100.00 	 100.00 	 100.00 	 100.00 	 100.00 	 100.00 	 100.00 	 100.00 	 96.88 	 96.88 	 100.00 	 100.00 	 100.00 	 96.88 	 100.00 	 100.00 	 100.00 	 100.00 	 96.88 	 96.88 	 100.00 	 100.00 	 100.00 	 100.00 	 100.00 	 100.00 	 100.00 	 100.00 	 100.00 	 100.00 	 96.88 	 100.00 	 100.00 	 100.00 	 100.00 	 100.00 	 96.88 	 100.00 	 100.00 	 100.00 	 100.00 	 100.00 	 100.00 	 100.00 	 100.00 	 100.00 	 100.00 	 100.00 	 100.00 	 100.00 	 100.00 	 100.00 	 100.00 	 96.88 	 100.00 	 100.00 	 100.00 	 100.00 	 96.88 	 93.75 	 100.00 	 100.00 	 100.00 	 100.00 	 100.00 	 100.00 	 100.00 	 100.00 	 100.00 	 100.00 	 100.00 	 96.88 	 100.00 	 100.00
train_eer =  0.00465014279885761
train_threshold =  0.07821685820817947
num_total_sum =  4.0
num_correct_sum =  4.0
dev_eer =  0.013730349306237358
19 - 0.00024932107771746814 - 100.00 - 99.42
一轮的训练时间： 557.1632194519043
 	 100.00 	 93.75 	 100.00 	 100.00 	 100.00 	 100.00 	 100.00 	 100.00 	 100.00 	 100.00 	 100.00 	 100.00 	 100.00 	 100.00 	 100.00 	 100.00 	 100.00 	 96.88 	 100.00 	 100.00 	 100.00 	 100.00 	 100.00 	 100.00 	 100.00 	 100.00 	 100.00 	 100.00 	 100.00 	 100.00 	 100.00 	 100.00 	 100.00 	 100.00 	 100.00 	 100.00 	 100.00 	 100.00 	 96.88 	 100.00 	 100.00 	 96.88 	 100.00 	 96.88 	 100.00 	 100.00 	 100.00 	 100.00 	 100.00 	 100.00 	 100.00 	 100.00 	 100.00 	 100.00 	 100.00 	 100.00 	 100.00 	 100.00 	 100.00 	 100.00 	 100.00 	 100.00 	 100.00 	 100.00 	 100.00 	 100.00 	 100.00 	 100.00 	 100.00 	 100.00 	 100.00 	 100.00 	 96.88 	 100.00 	 100.00 	 100.00 	 100.00 	 100.00 	 100.00
train_eer =  0.003845879232966136
train_threshold =  -0.39890334010124207
num_total_sum =  4.0
num_correct_sum =  4.0
dev_eer =  0.007871543086059463
20 - 2.9115173674654216e-05 - 100.00 - 99.66
一轮的训练时间： 557.619530916214
 	 100.00 	 100.00 	 93.75 	 100.00 	 100.00 	 100.00 	 100.00 	 100.00 	 100.00 	 100.00 	 100.00 	 100.00 	 100.00 	 100.00 	 100.00 	 100.00 	 100.00 	 100.00 	 100.00 	 100.00 	 100.00 	 100.00 	 100.00 	 100.00 	 93.75 	 87.50 	 100.00 	 100.00 	 90.62 	 96.88 	 100.00 	 100.00 	 96.88 	 100.00 	 96.88 	 100.00 	 100.00 	 100.00 	 100.00 	 100.00 	 100.00 	 100.00 	 100.00 	 100.00 	 100.00 	 100.00 	 100.00 	 100.00 	 100.00 	 100.00 	 100.00 	 100.00 	 100.00 	 100.00 	 100.00 	 100.00 	 100.00 	 100.00 	 100.00 	 100.00 	 100.00 	 100.00 	 100.00 	 100.00 	 100.00 	 100.00 	 100.00 	 100.00 	 100.00 	 100.00 	 100.00 	 96.88 	 100.00 	 100.00 	 100.00 	 100.00 	 100.00 	 100.00 	 100.00
train_eer =  0.004997450020399837
train_threshold =  -0.2722354233264923
num_total_sum =  4.0
num_correct_sum =  4.0
dev_eer =  0.009817003310390978
21 - 0.0003223322273697704 - 100.00 - 99.57
一轮的训练时间： 563.2589762210846
 	 100.00 	 100.00 	 100.00 	 100.00 	 100.00 	 100.00 	 100.00 	 93.75 	 100.00 	 100.00 	 100.00 	 100.00 	 100.00 	 100.00 	 100.00 	 100.00 	 100.00 	 100.00 	 100.00 	 100.00 	 100.00 	 100.00 	 100.00 	 100.00 	 100.00 	 100.00 	 100.00 	 100.00 	 100.00 	 100.00 	 100.00 	 100.00 	 100.00 	 100.00 	 100.00 	 100.00 	 100.00 	 100.00 	 100.00 	 100.00 	 100.00 	 100.00 	 100.00 	 100.00 	 100.00 	 100.00 	 100.00 	 100.00 	 100.00 	 100.00 	 100.00 	 100.00 	 100.00 	 100.00 	 100.00 	 100.00 	 100.00 	 100.00 	 100.00 	 100.00 	 100.00 	 93.75 	 100.00 	 100.00 	 100.00 	 100.00 	 100.00 	 100.00 	 100.00 	 100.00 	 96.88 	 96.88 	 100.00 	 100.00 	 100.00 	 100.00 	 100.00 	 100.00 	 100.00
train_eer =  0.003498572011423909
train_threshold =  -0.959229588508606
num_total_sum =  4.0
num_correct_sum =  4.0
dev_eer =  0.012956650325941423
22 - 0.012101600877940655 - 100.00 - 99.07
一轮的训练时间： 544.7298860549927
 	 100.00 	 100.00 	 100.00 	 100.00 	 100.00 	 96.88 	 100.00 	 96.88 	 100.00 	 100.00 	 100.00 	 100.00 	 100.00 	 100.00 	 100.00 	 96.88 	 100.00 	 100.00 	 100.00 	 100.00 	 100.00 	 100.00 	 100.00 	 100.00 	 100.00 	 100.00 	 100.00 	 100.00 	 100.00 	 100.00 	 100.00 	 100.00 	 100.00 	 100.00 	 100.00 	 100.00 	 100.00 	 100.00 	 96.88 	 100.00 	 100.00 	 100.00 	 100.00 	 100.00 	 100.00 	 100.00 	 100.00 	 100.00 	 100.00 	 100.00 	 100.00 	 100.00 	 96.88 	 100.00 	 100.00 	 100.00 	 100.00 	 100.00 	 100.00 	 96.88 	 100.00 	 100.00 	 96.88 	 100.00 	 100.00 	 100.00 	 100.00 	 100.00 	 100.00 	 100.00 	 100.00 	 100.00 	 100.00 	 100.00 	 100.00 	 100.00 	 100.00 	 100.00 	 100.00
train_eer =  0.002716238270093839
train_threshold =  -0.43893003463745117
num_total_sum =  4.0
num_correct_sum =  4.0
dev_eer =  0.006677356294840533
23 - 0.10344287753105164 - 100.00 - 99.33
一轮的训练时间： 559.659346818924
 	 100.00 	 100.00 	 100.00 	 100.00 	 100.00 	 100.00 	 100.00 	 96.88 	 100.00 	 100.00 	 100.00 	 100.00 	 100.00 	 96.88 	 100.00 	 100.00 	 100.00 	 100.00 	 100.00 	 100.00 	 100.00 	 100.00 	 100.00 	 100.00 	 96.88 	 100.00 	 100.00 	 96.88 	 96.88 	 100.00 	 100.00 	 100.00 	 96.88 	 100.00 	 100.00 	 100.00 	 100.00 	 100.00 	 100.00 	 100.00 	 100.00 	 96.88 	 100.00 	 100.00 	 100.00 	 100.00 	 100.00 	 100.00 	 100.00 	 100.00 	 100.00 	 100.00 	 100.00 	 100.00 	 100.00 	 100.00 	 100.00 	 100.00 	 100.00 	 100.00 	 100.00 	 100.00 	 100.00 	 100.00 	 100.00 	 100.00 	 100.00 	 100.00 	 100.00 	 100.00 	 100.00 	 100.00 	 100.00 	 100.00 	 100.00 	 100.00 	 100.00 	 100.00 	 100.00
train_eer =  0.003063545491636067
train_threshold =  -0.10196924209594727
num_total_sum =  4.0
num_correct_sum =  4.0
dev_eer =  0.003935771543029732
24 - 0.0 - 100.00 - 99.66
一轮的训练时间： 567.2526302337646
 	 100.00 	 100.00 	 100.00 	 100.00 	 96.88 	 96.88 	 100.00 	 100.00 	 100.00 	 100.00 	 100.00 	 96.88 	 100.00 	 100.00 	 100.00 	 96.88 	 100.00 	 100.00 	 100.00 	 100.00 	 100.00 	 100.00 	 100.00 	 100.00 	 100.00 	 100.00 	 96.88 	 100.00 	 93.75 	 96.88 	 96.88 	 100.00 	 100.00 	 93.75 	 100.00 	 100.00 	 96.88 	 100.00 	 96.88 	 100.00 	 100.00 	 100.00 	 100.00 	 100.00 	 100.00 	 100.00 	 100.00 	 100.00 	 100.00 	 100.00 	 100.00 	 100.00 	 100.00 	 100.00 	 100.00 	 100.00 	 96.88 	 100.00 	 100.00 	 100.00 	 100.00 	 100.00 	 100.00 	 100.00 	 100.00 	 100.00 	 100.00 	 100.00 	 100.00 	 100.00 	 100.00 	 100.00 	 100.00 	 100.00 	 100.00 	 100.00 	 100.00 	 100.00 	 100.00
train_eer =  0.00278202774377805
train_threshold =  -0.3758416175842285
num_total_sum =  4.0
num_correct_sum =  4.0
dev_eer =  0.008577965424805344
25 - 0.0 - 100.00 - 99.66
一轮的训练时间： 556.8096096515656
 	 100.00 	 100.00 	 100.00 	 100.00 	 100.00 	 100.00 	 100.00 	 96.88 	 100.00 	 100.00 	 100.00 	 100.00 	 100.00 	 100.00 	 100.00 	 100.00 	 100.00 	 100.00 	 100.00 	 100.00 	 100.00 	 100.00 	 100.00 	 100.00 	 100.00 	 100.00 	 100.00 	 100.00 	 100.00 	 100.00 	 100.00 	 100.00 	 100.00 	 100.00 	 100.00 	 100.00 	 100.00 	 100.00 	 100.00 	 100.00 	 100.00 	 100.00 	 96.88 	 100.00 	 100.00 	 100.00 	 100.00 	 100.00 	 100.00 	 100.00 	 100.00 	 100.00 	 100.00 	 100.00 	 100.00 	 100.00 	 100.00 	 100.00 	 100.00 	 100.00 	 100.00 	 100.00 	 100.00 	 100.00 	 100.00 	 100.00 	 100.00 	 100.00 	 100.00 	 100.00 	 100.00 	 100.00 	 100.00 	 100.00 	 100.00 	 100.00 	 100.00 	 100.00 	 100.00
train_eer =  0.001977764177886577
train_threshold =  -0.1690993309020996
num_total_sum =  4.0
num_correct_sum =  4.0
dev_eer =  0.009817003310390978
26 - 0.0 - 100.00 - 99.51
一轮的训练时间： 555.931738615036
 	 100.00 	 100.00 	 100.00 	 100.00 	 96.88 	 100.00 	 100.00 	 100.00 	 100.00 	 100.00 	 100.00 	 100.00 	 100.00 	 100.00 	 100.00 	 100.00 	 100.00 	 100.00 	 100.00 	 100.00 	 100.00 	 100.00 	 100.00 	 100.00 	 100.00 	 100.00 	 96.88 	 96.88 	 100.00 	 100.00 	 100.00 	 100.00 	 100.00 	 93.75 	 96.88 	 100.00 	 100.00 	 100.00 	 100.00 	 100.00 	 100.00 	 84.38 	 100.00 	 100.00 	 100.00 	 100.00 	 100.00 	 100.00 	 96.88 	 100.00 	 100.00 	 100.00 	 100.00 	 100.00 	 100.00 	 100.00 	 100.00 	 100.00 	 100.00 	 100.00 	 100.00 	 100.00 	 100.00 	 100.00 	 100.00 	 100.00 	 100.00 	 100.00 	 100.00 	 100.00 	 100.00 	 100.00 	 100.00 	 100.00 	 100.00 	 100.00 	 100.00 	 100.00 	 100.00
train_eer =  0.004258975928192575
train_threshold =  -0.2292346954345703
num_total_sum =  4.0
num_correct_sum =  3.0
dev_eer =  0.007075418558580177
27 - 0.17443449795246124 - 75.00 - 99.74
一轮的训练时间： 539.4197084903717
 	 100.00 	 100.00 	 100.00 	 100.00 	 96.88 	 100.00 	 100.00 	 100.00 	 100.00 	 100.00 	 100.00 	 96.88 	 100.00 	 100.00 	 100.00 	 100.00 	 100.00 	 100.00 	 100.00 	 100.00 	 100.00 	 100.00 	 100.00 	 100.00 	 100.00 	 100.00 	 100.00 	 96.88 	 100.00 	 100.00 	 100.00 	 100.00 	 100.00 	 100.00 	 100.00 	 100.00 	 100.00 	 100.00 	 100.00 	 100.00 	 100.00 	 100.00 	 100.00 	 96.88 	 96.88 	 100.00 	 100.00 	 100.00 	 100.00 	 100.00 	 100.00 	 100.00 	 100.00 	 100.00 	 100.00 	 100.00 	 100.00 	 100.00 	 100.00 	 100.00 	 100.00 	 100.00 	 100.00 	 100.00 	 100.00 	 96.88 	 100.00 	 100.00 	 100.00 	 100.00 	 100.00 	 96.88 	 100.00 	 100.00 	 100.00 	 100.00 	 100.00 	 100.00 	 100.00
train_eer =  0.0031293349653202774
train_threshold =  -0.6719560623168945
num_total_sum =  4.0
num_correct_sum =  4.0
dev_eer =  0.010590702290686912
28 - 7.322073361137882e-05 - 100.00 - 99.56
一轮的训练时间： 565.4060366153717
 	 100.00 	 100.00 	 100.00 	 100.00 	 100.00 	 100.00 	 100.00 	 100.00 	 96.88 	 96.88 	 100.00 	 100.00 	 100.00 	 100.00 	 100.00 	 100.00 	 100.00 	 96.88 	 100.00 	 100.00 	 100.00 	 100.00 	 100.00 	 100.00 	 96.88 	 100.00 	 100.00 	 100.00 	 100.00 	 100.00 	 96.88 	 100.00 	 100.00 	 100.00 	 100.00 	 100.00 	 100.00 	 100.00 	 100.00 	 93.75 	 100.00 	 96.88 	 100.00 	 100.00 	 100.00 	 100.00 	 100.00 	 100.00 	 96.88 	 100.00 	 100.00 	 100.00 	 100.00 	 100.00 	 100.00 	 100.00 	 100.00 	 100.00 	 100.00 	 100.00 	 100.00 	 100.00 	 100.00 	 100.00 	 100.00 	 100.00 	 100.00 	 100.00 	 100.00 	 100.00 	 100.00 	 100.00 	 100.00 	 100.00 	 100.00 	 100.00 	 100.00 	 100.00 	 100.00
train_eer =  0.003498572011423909
train_threshold =  -0.31668901443481445
num_total_sum =  4.0
num_correct_sum =  4.0
dev_eer =  0.005948508408911301
29 - 0.0 - 100.00 - 99.58
一轮的训练时间： 556.3409786224365
 	 100.00 	 100.00 	 100.00 	 100.00 	 100.00 	 100.00 	 100.00 	 100.00 	 100.00 	 100.00 	 100.00 	 100.00 	 100.00 	 100.00 	 100.00 	 100.00 	 100.00 	 100.00 	 100.00 	 100.00 	 100.00 	 96.88 	 100.00 	 100.00 	 90.62 	 100.00 	 100.00 	 100.00 	 100.00 	 100.00 	 100.00 	 100.00 	 100.00 	 100.00 	 100.00 	 100.00 	 100.00 	 100.00 	 100.00 	 100.00 	 100.00 	 96.88 	 100.00 	 100.00 	 100.00 	 100.00 	 100.00 	 100.00 	 100.00 	 100.00 	 100.00 	 100.00 	 100.00 	 100.00 	 100.00 	 100.00 	 100.00 	 100.00 	 100.00 	 100.00 	 100.00 	 100.00 	 100.00 	 100.00 	 100.00 	 100.00 	 100.00 	 100.00 	 100.00 	 100.00 	 100.00 	 100.00 	 100.00 	 100.00 	 100.00 	 100.00 	 100.00 	 96.88 	 100.00
train_eer =  0.003151264789881681
train_threshold =  -0.12918579578399658
num_total_sum =  4.0
num_correct_sum =  3.0
dev_eer =  0.013332287042497715
30 - 4.295644760131836 - 75.00 - 95.22
一轮的训练时间： 557.7673485279083
 	 100.00 	 100.00 	 100.00 	 96.88 	 100.00 	 100.00 	 100.00 	 100.00 	 100.00 	 100.00 	 100.00 	 100.00 	 100.00 	 100.00 	 96.88 	 100.00 	 96.88 	 100.00 	 100.00 	 100.00 	 100.00 	 100.00 	 100.00 	 96.88 	 100.00 	 100.00 	 100.00 	 100.00 	 100.00 	 100.00 	 100.00 	 100.00 	 100.00 	 100.00 	 100.00 	 100.00 	 100.00 	 100.00 	 100.00 	 100.00 	 100.00 	 100.00 	 96.88 	 100.00 	 100.00 	 100.00 	 100.00 	 96.88 	 100.00 	 100.00 	 100.00 	 100.00 	 100.00 	 100.00 	 100.00 	 100.00 	 96.88 	 100.00 	 100.00 	 100.00 	 100.00 	 100.00 	 100.00 	 100.00 	 100.00 	 100.00 	 100.00 	 100.00 	 100.00 	 100.00 	 100.00 	 100.00 	 100.00 	 100.00 	 100.00 	 100.00 	 100.00 	 100.00 	 100.00
train_eer =  0.003063545491636067
train_threshold =  -0.12546920776367188
num_total_sum =  4.0
num_correct_sum =  4.0
dev_eer =  0.004619768334592262
31 - 0.0 - 100.00 - 99.76
一轮的训练时间： 568.6304717063904
 	 100.00 	 100.00 	 100.00 	 100.00 	 100.00 	 100.00 	 100.00 	 100.00 	 100.00 	 100.00 	 100.00 	 96.88 	 100.00 	 100.00 	 100.00 	 100.00 	 100.00 	 100.00 	 100.00 	 100.00 	 100.00 	 100.00 	 100.00 	 96.88 	 100.00 	 100.00 	 100.00 	 100.00 	 100.00 	 93.75 	 100.00 	 100.00 	 100.00 	 100.00 	 100.00 	 100.00 	 100.00 	 100.00 	 100.00 	 100.00 	 100.00 	 96.88 	 100.00 	 100.00 	 100.00 	 100.00 	 96.88 	 100.00 	 100.00 	 96.88 	 100.00 	 100.00 	 100.00 	 100.00 	 100.00 	 100.00 	 100.00 	 100.00 	 100.00 	 100.00 	 100.00 	 100.00 	 100.00 	 100.00 	 100.00 	 100.00 	 100.00 	 100.00 	 100.00 	 100.00 	 100.00 	 100.00 	 100.00 	 100.00 	 100.00 	 100.00 	 100.00 	 100.00 	 100.00
train_eer =  0.004215116279069767
train_threshold =  -0.6022491455078125
num_total_sum =  4.0
num_correct_sum =  4.0
dev_eer =  0.006677356294840533
32 - 0.0 - 100.00 - 99.64
一轮的训练时间： 556.2917590141296
 	 100.00 	 100.00 	 100.00 	 96.88 	 100.00 	 100.00 	 100.00 	 100.00 	 100.00 	 100.00 	 100.00 	 100.00 	 96.88 	 100.00 	 100.00 	 100.00 	 100.00 	 100.00 	 100.00 	 100.00 	 100.00 	 100.00 	 100.00 	 100.00 	 100.00 	 100.00 	 100.00 	 100.00 	 100.00 	 96.88 	 100.00 	 100.00 	 100.00 	 100.00 	 100.00 	 100.00 	 100.00 	 100.00 	 100.00 	 100.00 	 100.00 	 100.00 	 100.00 	 100.00 	 100.00 	 100.00 	 100.00 	 100.00 	 100.00 	 100.00 	 100.00 	 100.00 	 100.00 	 100.00 	 100.00 	 100.00 	 100.00 	 100.00 	 100.00 	 96.88 	 100.00 	 100.00 	 100.00 	 100.00 	 100.00 	 100.00 	 100.00 	 100.00 	 100.00 	 100.00 	 96.88 	 100.00 	 100.00 	 100.00 	 100.00 	 96.88 	 100.00 	 100.00 	 100.00
train_eer =  0.004258975928192575
train_threshold =  -0.20135092735290527
num_total_sum =  4.0
num_correct_sum =  4.0
dev_eer =  0.007451055275136469
33 - 2.9802320611338473e-08 - 100.00 - 99.69
一轮的训练时间： 532.0781226158142
 	 100.00 	 96.88 	 100.00 	 100.00 	 100.00 	 100.00 	 100.00 	 100.00 	 100.00 	 100.00 	 100.00 	 100.00 	 100.00 	 100.00 	 100.00 	 100.00 	 100.00 	 96.88 	 100.00 	 100.00 	 100.00 	 90.62 	 93.75 	 100.00 	 100.00 	 96.88 	 96.88 	 100.00 	 100.00 	 100.00 	 100.00 	 100.00 	 100.00 	 100.00 	 100.00 	 100.00 	 100.00 	 100.00 	 100.00 	 100.00 	 100.00 	 100.00 	 100.00 	 100.00 	 100.00 	 100.00 	 100.00 	 100.00 	 100.00 	 100.00 	 100.00 	 100.00 	 100.00 	 96.88 	 100.00 	 100.00 	 100.00 	 100.00 	 100.00 	 100.00 	 93.75 	 100.00 	 100.00 	 100.00 	 100.00 	 100.00 	 100.00 	 100.00 	 100.00 	 100.00 	 100.00 	 100.00 	 100.00 	 100.00 	 96.88 	 100.00 	 100.00 	 100.00 	 100.00
train_eer =  0.005041309669522644
train_threshold =  -0.05723977088928223
num_total_sum =  4.0
num_correct_sum =  4.0
dev_eer =  0.00627929403110089
34 - 1.3440494512906298e-05 - 100.00 - 99.57
一轮的训练时间： 555.7212007045746
 	 100.00 	 100.00 	 100.00 	 100.00 	 96.88 	 100.00 	 96.88 	 100.00 	 100.00 	 100.00 	 96.88 	 100.00 	 100.00 	 100.00 	 100.00 	 96.88 	 100.00 	 96.88 	 100.00 	 100.00 	 100.00 	 100.00 	 100.00 	 100.00 	 100.00 	 100.00 	 100.00 	 100.00 	 100.00 	 100.00 	 100.00 	 100.00 	 100.00 	 100.00 	 100.00 	 100.00 	 100.00 	 100.00 	 100.00 	 100.00 	 100.00 	 100.00 	 100.00 	 100.00 	 100.00 	 100.00 	 100.00 	 100.00 	 100.00 	 100.00 	 100.00 	 100.00 	 100.00 	 100.00 	 100.00 	 100.00 	 100.00 	 100.00 	 100.00 	 100.00 	 100.00 	 100.00 	 100.00 	 100.00 	 100.00 	 100.00 	 100.00 	 100.00 	 100.00 	 100.00 	 100.00 	 100.00 	 96.88 	 100.00 	 96.88 	 96.88 	 100.00 	 100.00 	 100.00
train_eer =  0.003542431660546716
train_threshold =  -0.8789882659912109
num_total_sum =  4.0
num_correct_sum =  4.0
dev_eer =  0.01991994114860484
35 - 0.012142603285610676 - 100.00 - 96.81
一轮的训练时间： 566.1838235855103
 	 96.88 	 100.00 	 96.88 	 96.88 	 87.50 	 100.00 	 100.00 	 100.00 	 100.00 	 100.00 	 100.00 	 100.00 	 100.00 	 100.00 	 100.00 	 100.00 	 100.00 	 100.00 	 100.00 	 100.00 	 96.88 	 100.00 	 100.00 	 100.00 	 100.00 	 96.88 	 100.00 	 100.00 	 100.00 	 100.00 	 100.00 	 100.00 	 100.00 	 100.00 	 100.00 	 100.00 	 100.00 	 100.00 	 100.00 	 100.00 	 100.00 	 100.00 	 100.00 	 100.00 	 100.00 	 100.00 	 100.00 	 93.75 	 100.00 	 93.75 	 96.88 	 96.88 	 100.00 	 100.00 	 100.00 	 100.00 	 100.00 	 100.00 	 100.00 	 100.00 	 100.00 	 100.00 	 100.00 	 100.00 	 100.00 	 100.00 	 100.00 	 100.00 	 100.00 	 100.00 	 100.00 	 100.00 	 100.00 	 100.00 	 96.88 	 100.00 	 100.00 	 100.00 	 100.00
train_eer =  0.003911668706650347
train_threshold =  -0.30337637662887573
num_total_sum =  4.0
num_correct_sum =  4.0
dev_eer =  0.009817003310390978
36 - 0.0 - 100.00 - 99.53
一轮的训练时间： 555.3302807807922
 	 100.00 	 100.00 	 100.00 	 100.00 	 100.00 	 100.00 	 100.00 	 100.00 	 100.00 	 100.00 	 100.00 	 100.00 	 100.00 	 100.00 	 100.00 	 100.00 	 90.62 	 100.00 	 100.00 	 100.00 	 100.00 	 93.75 	 100.00 	 100.00 	 100.00 	 100.00 	 96.88 	 100.00 	 100.00 	 100.00 	 100.00 	 100.00 	 100.00 	 100.00 	 100.00 	 100.00 	 100.00 	 96.88 	 100.00 	 96.88 	 100.00 	 84.38 	 100.00 	 100.00 	 100.00 	 100.00 	 100.00 	 100.00 	 100.00 	 100.00 	 100.00 	 100.00 	 100.00 	 100.00 	 100.00 	 96.88 	 96.88 	 100.00 	 100.00 	 100.00 	 100.00 	 100.00 	 100.00 	 100.00 	 100.00 	 100.00 	 100.00 	 100.00 	 100.00 	 100.00 	 100.00 	 100.00 	 100.00 	 100.00 	 100.00 	 100.00 	 100.00 	 100.00 	 100.00
train_eer =  0.00386780905752754
train_threshold =  0.07714474201202393
num_total_sum =  4.0
num_correct_sum =  4.0
dev_eer =  0.011717612440355789
37 - 0.0 - 100.00 - 98.85
一轮的训练时间： 556.1124317646027
 	 100.00 	 100.00 	 100.00 	 100.00 	 100.00 	 100.00 	 100.00 	 100.00 	 100.00 	 100.00 	 100.00 	 100.00 	 100.00 	 100.00 	 100.00 	 100.00 	 100.00 	 100.00 	 100.00 	 100.00 	 100.00 	 93.75 	 100.00 	 100.00 	 96.88 	 93.75 	 96.88 	 100.00 	 96.88 	 100.00 	 100.00 	 100.00 	 100.00 	 100.00 	 96.88 	 100.00 	 100.00 	 100.00 	 100.00 	 96.88 	 100.00 	 100.00 	 100.00 	 100.00 	 100.00 	 100.00 	 100.00 	 100.00 	 100.00 	 100.00 	 100.00 	 100.00 	 100.00 	 100.00 	 100.00 	 100.00 	 100.00 	 100.00 	 100.00 	 100.00 	 100.00 	 100.00 	 100.00 	 100.00 	 100.00 	 100.00 	 100.00 	 100.00 	 100.00 	 100.00 	 100.00 	 100.00 	 100.00 	 100.00 	 100.00 	 100.00 	 100.00 	 100.00 	 100.00
train_eer =  0.003063545491636067
train_threshold =  0.19787633419036865
num_total_sum =  4.0
num_correct_sum =  4.0
dev_eer =  0.003935771543029732
38 - 4.7385542529809754e-06 - 100.00 - 99.71
一轮的训练时间： 555.5298771858215
 	 100.00 	 100.00 	 100.00 	 100.00 	 100.00 	 100.00 	 100.00 	 96.88 	 100.00 	 96.88 	 96.88 	 100.00 	 100.00 	 100.00 	 100.00 	 100.00 	 96.88 	 100.00 	 100.00 	 100.00 	 100.00 	 100.00 	 100.00 	 100.00 	 100.00 	 100.00 	 100.00 	 96.88 	 100.00 	 96.88 	 100.00 	 93.75 	 100.00 	 100.00 	 96.88 	 100.00 	 96.88 	 100.00 	 100.00 	 100.00 	 100.00 	 100.00 	 100.00 	 100.00 	 100.00 	 96.88 	 100.00 	 100.00 	 100.00 	 100.00 	 100.00 	 100.00 	 100.00 	 100.00 	 100.00 	 100.00 	 100.00 	 100.00 	 100.00 	 100.00 	 100.00 	 100.00 	 100.00 	 100.00 	 100.00 	 100.00 	 100.00 	 100.00 	 100.00 	 100.00 	 100.00 	 100.00 	 100.00 	 100.00 	 96.88 	 96.88 	 100.00 	 100.00 	 100.00
train_eer =  0.002628518971848225
train_threshold =  -0.18486666679382324
num_total_sum =  4.0
num_correct_sum =  4.0
dev_eer =  0.005881231767361246
39 - 0.0 - 100.00 - 99.70
一轮的训练时间： 551.7719836235046
 	 100.00 	 100.00 	 100.00 	 100.00 	 100.00 	 100.00 	 100.00 	 100.00 	 100.00 	 100.00 	 100.00 	 100.00 	 100.00 	 100.00 	 100.00 	 100.00 	 93.75 	 100.00 	 100.00 	 100.00 	 100.00 	 100.00 	 100.00 	 100.00 	 100.00 	 100.00 	 100.00 	 100.00 	 100.00 	 100.00 	 100.00 	 100.00 	 96.88 	 100.00 	 100.00 	 100.00 	 100.00 	 96.88 	 100.00 	 100.00 	 100.00 	 100.00 	 96.88 	 100.00 	 100.00 	 100.00 	 100.00 	 100.00 	 100.00 	 100.00 	 100.00 	 100.00 	 100.00 	 100.00 	 100.00 	 100.00 	 100.00 	 100.00 	 100.00 	 100.00 	 100.00 	 100.00 	 100.00 	 100.00 	 100.00 	 96.88 	 100.00 	 100.00 	 100.00 	 100.00 	 100.00 	 100.00 	 100.00 	 100.00 	 100.00 	 100.00 	 100.00 	 93.75 	 100.00
train_eer =  0.004562423500611995
train_threshold =  -0.08871126174926758
num_total_sum =  4.0
num_correct_sum =  3.0
dev_eer =  0.12087641009869213
40 - 1.1565055847167969 - 75.00 - 93.18
一轮的训练时间： 558.1437048912048
 	 100.00 	 96.88 	 100.00 	 100.00 	 100.00 	 100.00 	 100.00 	 100.00 	 100.00 	 100.00 	 100.00 	 100.00 	 100.00 	 100.00 	 100.00 	 100.00 	 100.00 	 96.88 	 100.00 	 100.00 	 100.00 	 100.00 	 100.00 	 100.00 	 100.00 	 100.00 	 100.00 	 100.00 	 100.00 	 100.00 	 96.88 	 100.00 	 100.00 	 100.00 	 100.00 	 100.00 	 96.88 	 100.00 	 100.00 	 100.00 	 100.00 	 100.00 	 100.00 	 100.00 	 100.00 	 100.00 	 100.00 	 100.00 	 84.38 	 96.88 	 100.00 	 100.00 	 100.00 	 100.00 	 100.00 	 100.00 	 100.00 	 100.00 	 100.00 	 100.00 	 100.00 	 100.00 	 100.00 	 100.00 	 100.00 	 100.00 	 100.00 	 100.00 	 100.00 	 100.00 	 100.00 	 100.00 	 100.00 	 100.00 	 100.00 	 100.00 	 100.00 	 100.00 	 100.00
train_eer =  0.004562423500611995
train_threshold =  -0.251489520072937
num_total_sum =  4.0
num_correct_sum =  4.0
dev_eer =  0.00627929403110089
41 - 0.0025062873028218746 - 100.00 - 99.70
一轮的训练时间： 560.3371999263763
 	 100.00 	 100.00 	 100.00 	 100.00 	 100.00 	 100.00 	 100.00 	 100.00 	 100.00 	 100.00 	 100.00 	 100.00 	 100.00 	 100.00 	 100.00 	 100.00 	 100.00 	 100.00 	 100.00 	 100.00 	 100.00 	 100.00 	 100.00 	 100.00 	 96.88 	 96.88 	 96.88 	 100.00 	 100.00 	 100.00 	 100.00 	 100.00 	 96.88 	 100.00 	 100.00 	 100.00 	 100.00 	 100.00 	 100.00 	 100.00 	 100.00 	 100.00 	 100.00 	 100.00 	 100.00 	 100.00 	 96.88 	 100.00 	 100.00 	 100.00 	 100.00 	 100.00 	 100.00 	 100.00 	 100.00 	 100.00 	 100.00 	 100.00 	 100.00 	 100.00 	 100.00 	 100.00 	 100.00 	 100.00 	 100.00 	 100.00 	 100.00 	 100.00 	 100.00 	 100.00 	 100.00 	 100.00 	 100.00 	 100.00 	 100.00 	 100.00 	 100.00 	 100.00 	 100.00
train_eer =  0.002760097919216646
train_threshold =  -0.4385002851486206
num_total_sum =  4.0
num_correct_sum =  4.0
dev_eer =  0.004311408259586024
42 - 8.940696005765858e-08 - 100.00 - 99.70
一轮的训练时间： 557.0332560539246
 	 100.00 	 100.00 	 100.00 	 96.88 	 100.00 	 100.00 	 100.00 	 100.00 	 96.88 	 100.00 	 100.00 	 100.00 	 100.00 	 100.00 	 96.88 	 100.00 	 100.00 	 100.00 	 100.00 	 100.00 	 100.00 	 100.00 	 100.00 	 100.00 	 100.00 	 100.00 	 100.00 	 100.00 	 100.00 	 100.00 	 100.00 	 100.00 	 100.00 	 96.88 	 100.00 	 100.00 	 100.00 	 100.00 	 100.00 	 100.00 	 100.00 	 100.00 	 100.00 	 96.88 	 100.00 	 96.88 	 100.00 	 100.00 	 100.00 	 100.00 	 100.00 	 100.00 	 100.00 	 100.00 	 100.00 	 100.00 	 100.00 	 100.00 	 100.00 	 100.00 	 100.00 	 100.00 	 100.00 	 100.00 	 100.00 	 100.00 	 100.00 	 100.00 	 100.00 	 100.00 	 100.00 	 100.00 	 100.00 	 100.00 	 100.00 	 96.88 	 100.00 	 100.00 	 100.00
train_eer =  0.003063545491636067
train_threshold =  -0.40695899724960327
num_total_sum =  4.0
num_correct_sum =  4.0
dev_eer =  0.005881231767361246
43 - 0.0 - 100.00 - 99.70
一轮的训练时间： 571.3291771411896
 	 100.00 	 100.00 	 100.00 	 100.00 	 100.00 	 100.00 	 100.00 	 100.00 	 100.00 	 100.00 	 100.00 	 100.00 	 100.00 	 100.00 	 100.00 	 96.88 	 96.88 	 100.00 	 100.00 	 100.00 	 100.00 	 100.00 	 100.00 	 100.00 	 100.00 	 96.88 	 96.88 	 100.00 	 100.00 	 100.00 	 100.00 	 100.00 	 100.00 	 100.00 	 96.88 	 100.00 	 100.00 	 100.00 	 100.00 	 100.00 	 100.00 	 100.00 	 100.00 	 100.00 	 100.00 	 96.88 	 100.00 	 100.00 	 100.00 	 100.00 	 100.00 	 100.00 	 100.00 	 100.00 	 100.00 	 100.00 	 100.00 	 100.00 	 100.00 	 100.00 	 100.00 	 100.00 	 100.00 	 100.00 	 100.00 	 100.00 	 100.00 	 100.00 	 100.00 	 100.00 	 100.00 	 100.00 	 100.00 	 100.00 	 100.00 	 100.00 	 100.00 	 100.00 	 100.00
train_eer =  0.003107405140758874
train_threshold =  -1.1110305786132812
num_total_sum =  4.0
num_correct_sum =  4.0
dev_eer =  0.00627929403110089
44 - 2.324570232303813e-06 - 100.00 - 99.65
一轮的训练时间： 547.5177297592163
 	 100.00 	 100.00 	 100.00 	 96.88 	 100.00 	 100.00 	 100.00 	 100.00 	 100.00 	 100.00 	 100.00 	 100.00 	 100.00 	 100.00 	 100.00 	 100.00 	 100.00 	 100.00 	 100.00 	 100.00 	 100.00 	 100.00 	 100.00 	 100.00 	 100.00 	 100.00 	 100.00 	 100.00 	 100.00 	 100.00 	 100.00 	 100.00 	 100.00 	 100.00 	 100.00 	 100.00 	 100.00 	 100.00 	 100.00 	 100.00 	 100.00 	 100.00 	 100.00 	 100.00 	 100.00 	 100.00 	 100.00 	 100.00 	 100.00 	 100.00 	 100.00 	 100.00 	 100.00 	 100.00 	 96.88 	 100.00 	 100.00 	 96.88 	 100.00 	 100.00 	 100.00 	 96.88 	 100.00 	 100.00 	 100.00 	 100.00 	 100.00 	 100.00 	 96.88 	 100.00 	 100.00 	 100.00 	 100.00 	 100.00 	 100.00 	 100.00 	 100.00 	 100.00 	 96.88
train_eer =  0.002259281925744594
train_threshold =  0.1946377456188202
num_total_sum =  4.0
num_correct_sum =  4.0
dev_eer =  0.005505595050804954
45 - 0.0 - 100.00 - 99.73
一轮的训练时间： 566.2159330844879
 	 100.00 	 100.00 	 100.00 	 100.00 	 100.00 	 100.00 	 100.00 	 100.00 	 100.00 	 100.00 	 100.00 	 100.00 	 100.00 	 100.00 	 100.00 	 100.00 	 100.00 	 100.00 	 100.00 	 100.00 	 100.00 	 100.00 	 100.00 	 100.00 	 100.00 	 100.00 	 100.00 	 100.00 	 100.00 	 100.00 	 100.00 	 100.00 	 100.00 	 100.00 	 100.00 	 96.88 	 96.88 	 96.88 	 100.00 	 100.00 	 100.00 	 100.00 	 100.00 	 100.00 	 100.00 	 100.00 	 96.88 	 100.00 	 100.00 	 100.00 	 100.00 	 100.00 	 100.00 	 100.00 	 100.00 	 100.00 	 100.00 	 100.00 	 100.00 	 96.88 	 100.00 	 100.00 	 100.00 	 100.00 	 100.00 	 100.00 	 100.00 	 100.00 	 100.00 	 100.00 	 100.00 	 100.00 	 100.00 	 100.00 	 100.00 	 100.00 	 100.00 	 100.00 	 100.00
train_eer =  0.002325071399428805
train_threshold =  -0.6592646241188049
num_total_sum =  4.0
num_correct_sum =  4.0
dev_eer =  0.01019264002694727
46 - 0.0 - 100.00 - 99.49
一轮的训练时间： 561.5400717258453
 	 100.00 	 100.00 	 100.00 	 100.00 	 100.00 	 100.00 	 100.00 	 100.00 	 100.00 	 100.00 	 100.00 	 100.00 	 100.00 	 100.00 	 100.00 	 100.00 	 100.00 	 100.00 	 100.00 	 100.00 	 100.00 	 100.00 	 100.00 	 100.00 	 100.00 	 100.00 	 100.00 	 100.00 	 100.00 	 100.00 	 100.00 	 96.88 	 100.00 	 100.00 	 100.00 	 100.00 	 100.00 	 100.00 	 96.88 	 100.00 	 100.00 	 100.00 	 100.00 	 100.00 	 100.00 	 100.00 	 100.00 	 100.00 	 100.00 	 100.00 	 96.88 	 100.00 	 100.00 	 100.00 	 96.88 	 100.00 	 100.00 	 93.75 	 96.88 	 100.00 	 100.00 	 100.00 	 100.00 	 100.00 	 100.00 	 100.00 	 100.00 	 90.62 	 93.75 	 93.75 	 100.00 	 100.00 	 100.00 	 100.00 	 96.88 	 100.00 	 100.00 	 96.88 	 100.00
train_eer =  0.006997144022847818
train_threshold =  -0.5881063938140869
num_total_sum =  4.0
num_correct_sum =  4.0
dev_eer =  0.010988764554426558
47 - 6.838791887275875e-05 - 100.00 - 99.34
一轮的训练时间： 559.0654187202454
 	 100.00 	 96.88 	 100.00 	 100.00 	 100.00 	 100.00 	 100.00 	 100.00 	 100.00 	 100.00 	 100.00 	 100.00 	 100.00 	 100.00 	 100.00 	 100.00 	 100.00 	 100.00 	 100.00 	 100.00 	 100.00 	 100.00 	 100.00 	 96.88 	 100.00 	 100.00 	 100.00 	 100.00 	 100.00 	 100.00 	 96.88 	 100.00 	 100.00 	 100.00 	 100.00 	 100.00 	 100.00 	 100.00 	 96.88 	 100.00 	 100.00 	 100.00 	 100.00 	 100.00 	 100.00 	 100.00 	 100.00 	 100.00 	 100.00 	 100.00 	 96.88 	 100.00 	 100.00 	 100.00 	 100.00 	 100.00 	 100.00 	 100.00 	 100.00 	 100.00 	 100.00 	 100.00 	 100.00 	 100.00 	 100.00 	 100.00 	 100.00 	 100.00 	 100.00 	 100.00 	 100.00 	 100.00 	 100.00 	 100.00 	 100.00 	 100.00 	 100.00 	 100.00 	 100.00
train_eer =  0.002325071399428805
train_threshold =  -0.9240190386772156
num_total_sum =  4.0
num_correct_sum =  4.0
dev_eer =  0.0035377092792900884
48 - 0.0 - 100.00 - 99.59
一轮的训练时间： 555.048269033432
 	 100.00 	 100.00 	 100.00 	 100.00 	 96.88 	 100.00 	 100.00 	 100.00 	 100.00 	 100.00 	 100.00 	 100.00 	 100.00 	 100.00 	 100.00 	 96.88 	 100.00 	 100.00 	 100.00 	 100.00 	 100.00 	 100.00 	 100.00 	 100.00 	 100.00 	 100.00 	 100.00 	 100.00 	 100.00 	 100.00 	 100.00 	 100.00 	 100.00 	 100.00 	 100.00 	 100.00 	 100.00 	 100.00 	 100.00 	 100.00 	 100.00 	 96.88 	 96.88 	 100.00 	 96.88 	 96.88 	 100.00 	 100.00 	 100.00 	 100.00 	 100.00 	 100.00 	 100.00 	 100.00 	 100.00 	 100.00 	 100.00 	 100.00 	 100.00 	 100.00 	 100.00 	 100.00 	 100.00 	 100.00 	 100.00 	 100.00 	 100.00 	 100.00 	 100.00 	 100.00 	 100.00 	 100.00 	 100.00 	 100.00 	 100.00 	 100.00 	 96.88 	 100.00 	 100.00
train_eer =  0.003476642186862505
train_threshold =  -1.4508464336395264
num_total_sum =  4.0
num_correct_sum =  4.0
dev_eer =  0.003935771543029732
49 - 0.0 - 100.00 - 99.62
一轮的训练时间： 554.9530217647552
 	 100.00 	 100.00 	 96.88 	 100.00 	 100.00 	 100.00 	 100.00 	 100.00 	 100.00 	 100.00 	 100.00 	 93.75 	 100.00 	 100.00 	 96.88 	 100.00 	 100.00 	 100.00 	 100.00 	 100.00 	 100.00 	 100.00 	 100.00 	 100.00 	 100.00 	 100.00 	 100.00 	 100.00 	 96.88 	 96.88 	 96.88 	 100.00 	 96.88 	 100.00 	 100.00 	 96.88 	 100.00 	 100.00 	 100.00 	 100.00 	 100.00 	 100.00 	 100.00 	 100.00 	 100.00 	 100.00 	 100.00 	 100.00 	 100.00 	 100.00 	 100.00 	 100.00 	 100.00 	 100.00 	 100.00 	 100.00 	 100.00 	 100.00 	 100.00 	 100.00 	 100.00 	 100.00 	 100.00 	 100.00 	 100.00 	 100.00 	 100.00 	 100.00 	 100.00 	 100.00 	 96.88 	 100.00 	 100.00 	 100.00 	 100.00 	 100.00 	 100.00 	 100.00 	 100.00
train_eer =  0.001977764177886577
train_threshold =  -0.766727864742279
num_total_sum =  4.0
num_correct_sum =  4.0
dev_eer =  0.00627929403110089
50 - 0.0 - 100.00 - 99.75
一轮的训练时间： 539.8908834457397
 	 100.00 	 96.88 	 100.00 	 100.00 	 100.00 	 100.00 	 100.00 	 100.00 	 100.00 	 100.00 	 100.00 	 100.00 	 100.00 	 100.00 	 100.00 	 100.00 	 100.00 	 100.00 	 100.00 	 100.00 	 100.00 	 93.75 	 96.88 	 100.00 	 100.00 	 100.00 	 100.00 	 100.00 	 100.00 	 100.00 	 100.00 	 100.00 	 100.00 	 100.00 	 100.00 	 100.00 	 96.88 	 100.00 	 100.00 	 100.00 	 100.00 	 100.00 	 100.00 	 100.00 	 100.00 	 100.00 	 100.00 	 100.00 	 100.00 	 100.00 	 100.00 	 100.00 	 100.00 	 100.00 	 100.00 	 100.00 	 100.00 	 100.00 	 100.00 	 100.00 	 100.00 	 100.00 	 100.00 	 100.00 	 100.00 	 100.00 	 100.00 	 100.00 	 100.00 	 100.00 	 100.00 	 100.00 	 100.00 	 100.00 	 100.00 	 100.00 	 100.00 	 100.00 	 100.00
train_eer =  0.002368931048551612
train_threshold =  -0.502044677734375
num_total_sum =  4.0
num_correct_sum =  4.0
dev_eer =  0.003448007090556683
51 - 0.0 - 100.00 - 99.72
一轮的训练时间： 561.0140249729156
 	 100.00 	 100.00 	 100.00 	 100.00 	 100.00 	 100.00 	 100.00 	 100.00 	 100.00 	 100.00 	 100.00 	 100.00 	 100.00 	 100.00 	 100.00 	 100.00 	 100.00 	 100.00 	 100.00 	 100.00 	 100.00 	 100.00 	 100.00 	 96.88 	 100.00 	 100.00 	 100.00 	 100.00 	 100.00 	 100.00 	 100.00 	 100.00 	 100.00 	 100.00 	 100.00 	 100.00 	 100.00 	 100.00 	 100.00 	 100.00 	 100.00 	 100.00 	 100.00 	 100.00 	 100.00 	 100.00 	 100.00 	 100.00 	 100.00 	 96.88 	 100.00 	 100.00 	 96.88 	 96.88 	 100.00 	 100.00 	 100.00 	 100.00 	 100.00 	 100.00 	 100.00 	 100.00 	 100.00 	 100.00 	 100.00 	 100.00 	 100.00 	 100.00 	 96.88 	 100.00 	 100.00 	 100.00 	 100.00 	 96.88 	 96.88 	 100.00 	 100.00 	 100.00 	 100.00
train_eer =  0.0028039575683394533
train_threshold =  0.23595285415649414
num_total_sum =  4.0
num_correct_sum =  4.0
dev_eer =  0.009418941046651334
52 - 0.0 - 100.00 - 98.89
一轮的训练时间： 562.0757658481598
 	 100.00 	 100.00 	 100.00 	 100.00 	 100.00 	 100.00 	 100.00 	 100.00 	 100.00 	 100.00 	 100.00 	 100.00 	 100.00 	 100.00 	 100.00 	 100.00 	 100.00 	 100.00 	 100.00 	 100.00 	 100.00 	 100.00 	 100.00 	 100.00 	 100.00 	 100.00 	 100.00 	 100.00 	 100.00 	 100.00 	 100.00 	 100.00 	 100.00 	 100.00 	 96.88 	 100.00 	 96.88 	 100.00 	 100.00 	 100.00 	 100.00 	 100.00 	 100.00 	 100.00 	 100.00 	 100.00 	 100.00 	 100.00 	 100.00 	 100.00 	 100.00 	 100.00 	 100.00 	 96.88 	 100.00 	 96.88 	 100.00 	 96.88 	 100.00 	 100.00 	 100.00 	 100.00 	 100.00 	 100.00 	 100.00 	 100.00 	 100.00 	 100.00 	 100.00 	 100.00 	 100.00 	 100.00 	 100.00 	 100.00 	 100.00 	 100.00 	 100.00 	 100.00 	 100.00
train_eer =  0.002716238270093839
train_threshold =  -1.2191705703735352
num_total_sum =  4.0
num_correct_sum =  4.0
dev_eer =  0.005017830598331906
53 - 0.003223425941541791 - 100.00 - 99.65
一轮的训练时间： 556.9324960708618
 	 100.00 	 100.00 	 100.00 	 100.00 	 100.00 	 100.00 	 100.00 	 100.00 	 96.88 	 100.00 	 100.00 	 96.88 	 100.00 	 100.00 	 100.00 	 100.00 	 100.00 	 100.00 	 100.00 	 96.88 	 100.00 	 100.00 	 100.00 	 100.00 	 100.00 	 100.00 	 100.00 	 100.00 	 100.00 	 100.00 	 100.00 	 100.00 	 100.00 	 100.00 	 100.00 	 100.00 	 100.00 	 100.00 	 100.00 	 100.00 	 100.00 	 100.00 	 100.00 	 100.00 	 100.00 	 100.00 	 100.00 	 100.00 	 96.88 	 93.75 	 100.00 	 96.88 	 96.88 	 100.00 	 100.00 	 100.00 	 100.00 	 100.00 	 100.00 	 100.00 	 100.00 	 100.00 	 100.00 	 100.00 	 100.00 	 100.00 	 100.00 	 100.00 	 100.00 	 100.00 	 100.00 	 100.00 	 100.00 	 100.00 	 100.00 	 100.00 	 96.88 	 100.00 	 100.00
train_eer =  0.0030416156670746634
train_threshold =  -0.23063087463378906
num_total_sum =  4.0
num_correct_sum =  4.0
dev_eer =  0.006677356294840533
54 - 5.900836640648777e-06 - 100.00 - 99.63
一轮的训练时间： 568.1555919647217
 	 100.00 	 100.00 	 100.00 	 100.00 	 100.00 	 100.00 	 100.00 	 100.00 	 100.00 	 100.00 	 100.00 	 100.00 	 100.00 	 100.00 	 100.00 	 100.00 	 100.00 	 100.00 	 96.88 	 100.00 	 100.00 	 100.00 	 100.00 	 100.00 	 100.00 	 100.00 	 100.00 	 100.00 	 100.00 	 96.88 	 100.00 	 100.00 	 96.88 	 100.00 	 100.00 	 100.00 	 100.00 	 100.00 	 100.00 	 100.00 	 100.00 	 100.00 	 100.00 	 100.00 	 100.00 	 100.00 	 100.00 	 100.00 	 100.00 	 100.00 	 100.00 	 100.00 	 100.00 	 100.00 	 100.00 	 100.00 	 100.00 	 100.00 	 100.00 	 100.00 	 100.00 	 100.00 	 100.00 	 100.00 	 100.00 	 100.00 	 100.00 	 100.00 	 100.00 	 100.00 	 100.00 	 100.00 	 100.00 	 100.00 	 100.00 	 100.00 	 100.00 	 100.00 	 100.00
train_eer =  0.002628518971848225
train_threshold =  -0.015564441680908203
num_total_sum =  4.0
num_correct_sum =  4.0
dev_eer =  0.0035377092792900884
55 - 8.940696005765858e-08 - 100.00 - 99.79
一轮的训练时间： 561.5279223918915
 	 100.00 	 100.00 	 100.00 	 100.00 	 100.00 	 100.00 	 100.00 	 100.00 	 100.00 	 100.00 	 100.00 	 100.00 	 96.88 	 100.00 	 100.00 	 100.00 	 100.00 	 100.00 	 100.00 	 100.00 	 100.00 	 96.88 	 100.00 	 100.00 	 100.00 	 100.00 	 100.00 	 100.00 	 100.00 	 100.00 	 100.00 	 100.00 	 100.00 	 100.00 	 100.00 	 100.00 	 96.88 	 96.88 	 100.00 	 100.00 	 100.00 	 100.00 	 100.00 	 100.00 	 100.00 	 100.00 	 100.00 	 100.00 	 100.00 	 100.00 	 100.00 	 100.00 	 100.00 	 100.00 	 100.00 	 100.00 	 100.00 	 100.00 	 100.00 	 100.00 	 100.00 	 100.00 	 100.00 	 100.00 	 100.00 	 100.00 	 100.00 	 100.00 	 100.00 	 100.00 	 100.00 	 100.00 	 100.00 	 96.88 	 100.00 	 96.88 	 100.00 	 100.00 	 100.00
train_eer =  0.003107405140758874
train_threshold =  -1.0257349014282227
num_total_sum =  4.0
num_correct_sum =  4.0
dev_eer =  0.00510753278706531
56 - 0.0 - 100.00 - 99.72
一轮的训练时间： 555.5557582378387
 	 100.00 	 100.00 	 100.00 	 100.00 	 100.00 	 100.00 	 100.00 	 100.00 	 100.00 	 100.00 	 100.00 	 100.00 	 100.00 	 100.00 	 100.00 	 100.00 	 100.00 	 96.88 	 100.00 	 100.00 	 100.00 	 100.00 	 100.00 	 100.00 	 100.00 	 96.88 	 100.00 	 100.00 	 100.00 	 100.00 	 100.00 	 96.88 	 100.00 	 100.00 	 100.00 	 100.00 	 100.00 	 100.00 	 100.00 	 96.88 	 100.00 	 100.00 	 100.00 	 100.00 	 100.00 	 100.00 	 100.00 	 100.00 	 100.00 	 100.00 	 96.88 	 100.00 	 100.00 	 100.00 	 100.00 	 100.00 	 100.00 	 100.00 	 100.00 	 100.00 	 100.00 	 100.00 	 100.00 	 100.00 	 100.00 	 100.00 	 100.00 	 100.00 	 100.00 	 100.00 	 100.00 	 100.00 	 100.00 	 100.00 	 100.00 	 100.00 	 100.00 	 100.00 	 100.00
train_eer =  0.002390860873113015
train_threshold =  -1.317853569984436
num_total_sum =  4.0
num_correct_sum =  4.0
dev_eer =  0.006189591842367484
57 - 0.0 - 100.00 - 99.66
一轮的训练时间： 574.019463300705
 	 100.00 	 100.00 	 100.00 	 100.00 	 100.00 	 100.00 	 100.00 	 100.00 	 100.00 	 96.88 	 100.00 	 100.00 	 100.00 	 100.00 	 100.00 	 100.00 	 100.00 	 100.00 	 100.00 	 100.00 	 96.88 	 100.00 	 100.00 	 100.00 	 96.88 	 100.00 	 100.00 	 100.00 	 100.00 	 100.00 	 100.00 	 100.00 	 96.88 	 100.00 	 100.00 	 100.00 	 100.00 	 100.00 	 100.00 	 100.00 	 100.00 	 100.00 	 100.00 	 100.00 	 100.00 	 100.00 	 100.00 	 100.00 	 100.00 	 96.88 	 100.00 	 100.00 	 100.00 	 100.00 	 100.00 	 100.00 	 100.00 	 100.00 	 100.00 	 100.00 	 100.00 	 100.00 	 100.00 	 100.00 	 100.00 	 100.00 	 100.00 	 100.00 	 100.00 	 100.00 	 87.50 	 100.00 	 100.00 	 100.00 	 100.00 	 93.75 	 100.00 	 100.00 	 100.00
train_eer =  0.004628212974296206
train_threshold =  -0.22001194953918457
num_total_sum =  4.0
num_correct_sum =  4.0
dev_eer =  0.00986185440475768
58 - 0.041693706065416336 - 100.00 - 99.37
一轮的训练时间： 567.5629525184631
 	 100.00 	 100.00 	 100.00 	 100.00 	 100.00 	 100.00 	 100.00 	 100.00 	 100.00 	 100.00 	 100.00 	 100.00 	 100.00 	 96.88 	 100.00 	 100.00 	 100.00 	 100.00 	 100.00 	 100.00 	 100.00 	 100.00 	 100.00 	 100.00 	 100.00 	 100.00 	 100.00 	 100.00 	 100.00 	 100.00 	 100.00 	 100.00 	 100.00 	 100.00 	 100.00 	 100.00 	 100.00 	 100.00 	 100.00 	 100.00 	 100.00 	 100.00 	 100.00 	 100.00 	 100.00 	 100.00 	 100.00 	 100.00 	 100.00 	 100.00 	 100.00 	 100.00 	 96.88 	 100.00 	 100.00 	 100.00 	 100.00 	 100.00 	 100.00 	 100.00 	 100.00 	 96.88 	 100.00 	 100.00 	 100.00 	 100.00 	 100.00 	 100.00 	 100.00 	 100.00 	 100.00 	 100.00 	 100.00 	 100.00 	 100.00 	 93.75 	 100.00 	 100.00 	 100.00
train_eer =  0.002412790697674419
train_threshold =  -0.9243431091308594
num_total_sum =  4.0
num_correct_sum =  4.0
dev_eer =  0.01021506557413062
59 - 0.0 - 100.00 - 99.51
一轮的训练时间： 568.283777475357
 	 100.00 	 100.00 	 100.00 	 100.00 	 100.00 	 100.00 	 100.00 	 100.00 	 100.00 	 100.00 	 100.00 	 100.00 	 100.00 	 100.00 	 100.00 	 100.00 	 100.00 	 100.00 	 100.00 	 100.00 	 100.00 	 100.00 	 100.00 	 100.00 	 100.00 	 100.00 	 100.00 	 100.00 	 100.00 	 100.00 	 100.00 	 100.00 	 100.00 	 100.00 	 100.00 	 100.00 	 100.00 	 100.00 	 100.00 	 100.00 	 100.00 	 100.00 	 100.00 	 100.00 	 100.00 	 100.00 	 100.00 	 100.00 	 100.00 	 100.00 	 100.00 	 100.00 	 100.00 	 100.00 	 100.00 	 100.00 	 100.00 	 100.00 	 100.00 	 100.00 	 100.00 	 100.00 	 100.00 	 100.00 	 100.00 	 100.00 	 100.00 	 100.00 	 100.00 	 100.00 	 100.00 	 100.00 	 96.88 	 100.00 	 100.00 	 100.00 	 100.00 	 100.00 	 100.00
train_eer =  0.001173500611995104
train_threshold =  -2.596334934234619
num_total_sum =  4.0
num_correct_sum =  4.0
dev_eer =  0.004333833806769375
60 - 0.0 - 100.00 - 99.70
一轮的训练时间： 562.7811594009399
 	 100.00 	 100.00 	 100.00 	 100.00 	 100.00 	 100.00 	 100.00 	 100.00 	 100.00 	 100.00 	 100.00 	 100.00 	 100.00 	 100.00 	 100.00 	 100.00 	 100.00 	 100.00 	 100.00 	 100.00 	 100.00 	 100.00 	 100.00 	 100.00 	 100.00 	 100.00 	 100.00 	 100.00 	 100.00 	 100.00 	 100.00 	 100.00 	 100.00 	 100.00 	 100.00 	 100.00 	 100.00 	 100.00 	 100.00 	 100.00 	 100.00 	 100.00 	 100.00 	 100.00 	 100.00 	 100.00 	 100.00 	 96.88 	 100.00 	 100.00 	 100.00 	 93.75 	 96.88 	 100.00 	 100.00 	 100.00 	 100.00 	 100.00 	 100.00 	 100.00 	 100.00 	 93.75 	 100.00 	 100.00 	 100.00 	 100.00 	 100.00 	 100.00 	 100.00 	 100.00 	 100.00 	 100.00 	 100.00 	 100.00 	 100.00 	 100.00 	 100.00 	 100.00 	 100.00
train_eer =  0.00278202774377805
train_threshold =  0.31768208742141724
num_total_sum =  4.0
num_correct_sum =  4.0
dev_eer =  0.0113868268181662
61 - 3.933875632355921e-06 - 100.00 - 99.63
一轮的训练时间： 545.1036903858185
 	 100.00 	 100.00 	 100.00 	 100.00 	 100.00 	 100.00 	 100.00 	 100.00 	 100.00 	 100.00 	 100.00 	 100.00 	 100.00 	 100.00 	 100.00 	 100.00 	 100.00 	 100.00 	 100.00 	 100.00 	 100.00 	 100.00 	 100.00 	 100.00 	 100.00 	 90.62 	 100.00 	 100.00 	 100.00 	 100.00 	 100.00 	 100.00 	 100.00 	 100.00 	 100.00 	 100.00 	 100.00 	 100.00 	 100.00 	 100.00 	 100.00 	 100.00 	 100.00 	 100.00 	 100.00 	 100.00 	 100.00 	 100.00 	 100.00 	 100.00 	 100.00 	 100.00 	 100.00 	 100.00 	 100.00 	 100.00 	 100.00 	 100.00 	 100.00 	 100.00 	 100.00 	 100.00 	 100.00 	 100.00 	 100.00 	 100.00 	 100.00 	 100.00 	 100.00 	 100.00 	 100.00 	 100.00 	 100.00 	 100.00 	 100.00 	 100.00 	 100.00 	 100.00 	 100.00
train_eer =  0.0019996940024479804
train_threshold =  0.3506007194519043
num_total_sum =  4.0
num_correct_sum =  4.0
dev_eer =  0.004003048184579786
62 - 0.0 - 100.00 - 99.79
一轮的训练时间： 556.2708623409271
 	 100.00 	 100.00 	 100.00 	 100.00 	 100.00 	 100.00 	 100.00 	 96.88 	 100.00 	 100.00 	 100.00 	 100.00 	 100.00 	 100.00 	 100.00 	 100.00 	 100.00 	 100.00 	 100.00 	 100.00 	 100.00 	 100.00 	 100.00 	 100.00 	 100.00 	 100.00 	 100.00 	 100.00 	 100.00 	 96.88 	 100.00 	 100.00 	 100.00 	 100.00 	 100.00 	 100.00 	 100.00 	 100.00 	 100.00 	 100.00 	 100.00 	 100.00 	 100.00 	 96.88 	 100.00 	 100.00 	 93.75 	 100.00 	 100.00 	 100.00 	 96.88 	 100.00 	 96.88 	 100.00 	 96.88 	 100.00 	 100.00 	 100.00 	 100.00 	 96.88 	 96.88 	 100.00 	 100.00 	 100.00 	 100.00 	 100.00 	 100.00 	 100.00 	 100.00 	 100.00 	 100.00 	 100.00 	 100.00 	 100.00 	 100.00 	 100.00 	 96.88 	 100.00 	 100.00
train_eer =  0.004562423500611995
train_threshold =  -0.7992527484893799
num_total_sum =  4.0
num_correct_sum =  4.0
dev_eer =  0.004799172712059072
63 - 8.76155900186859e-06 - 100.00 - 99.73
一轮的训练时间： 556.5765435695648
 	 100.00 	 100.00 	 100.00 	 100.00 	 100.00 	 100.00 	 96.88 	 100.00 	 100.00 	 100.00 	 100.00 	 96.88 	 100.00 	 100.00 	 100.00 	 100.00 	 100.00 	 100.00 	 100.00 	 100.00 	 100.00 	 100.00 	 100.00 	 96.88 	 100.00 	 100.00 	 100.00 	 100.00 	 100.00 	 100.00 	 100.00 	 96.88 	 100.00 	 100.00 	 100.00 	 100.00 	 100.00 	 100.00 	 100.00 	 100.00 	 100.00 	 100.00 	 100.00 	 100.00 	 100.00 	 100.00 	 100.00 	 100.00 	 100.00 	 100.00 	 100.00 	 100.00 	 100.00 	 100.00 	 96.88 	 96.88 	 100.00 	 100.00 	 100.00 	 100.00 	 100.00 	 96.88 	 90.62 	 100.00 	 100.00 	 100.00 	 100.00 	 100.00 	 100.00 	 100.00 	 100.00 	 100.00 	 100.00 	 100.00 	 100.00 	 100.00 	 100.00 	 100.00 	 100.00
train_eer =  0.003107405140758874
train_threshold =  -0.7976014018058777
num_total_sum =  4.0
num_correct_sum =  4.0
dev_eer =  0.005858806220177894
64 - 0.0 - 100.00 - 99.72
一轮的训练时间： 568.325003862381
 	 100.00 	 100.00 	 100.00 	 100.00 	 100.00 	 100.00 	 100.00 	 100.00 	 100.00 	 100.00 	 100.00 	 100.00 	 100.00 	 100.00 	 100.00 	 100.00 	 100.00 	 100.00 	 100.00 	 100.00 	 100.00 	 100.00 	 100.00 	 100.00 	 100.00 	 100.00 	 96.88 	 100.00 	 96.88 	 100.00 	 100.00 	 100.00 	 100.00 	 100.00 	 100.00 	 100.00 	 100.00 	 96.88 	 100.00 	 96.88 	 100.00 	 100.00 	 100.00 	 100.00 	 96.88 	 100.00 	 100.00 	 96.88 	 100.00 	 100.00 	 100.00 	 100.00 	 100.00 	 100.00 	 100.00 	 100.00 	 100.00 	 100.00 	 100.00 	 100.00 	 100.00 	 100.00 	 100.00 	 100.00 	 100.00 	 100.00 	 100.00 	 100.00 	 100.00 	 100.00 	 100.00 	 100.00 	 100.00 	 100.00 	 100.00 	 100.00 	 100.00 	 100.00 	 100.00
train_eer =  0.00193390452876377
train_threshold =  -0.13879060745239258
num_total_sum =  4.0
num_correct_sum =  4.0
dev_eer =  0.00475432161769237
65 - 0.0 - 100.00 - 99.78
一轮的训练时间： 562.868903875351
 	 100.00 	 100.00 	 100.00 	 100.00 	 100.00 	 100.00 	 100.00 	 100.00 	 100.00 	 100.00 	 100.00 	 100.00 	 100.00 	 100.00 	 100.00 	 100.00 	 100.00 	 100.00 	 100.00 	 100.00 	 100.00 	 100.00 	 100.00 	 100.00 	 96.88 	 100.00 	 100.00 	 100.00 	 100.00 	 100.00 	 100.00 	 100.00 	 100.00 	 100.00 	 96.88 	 100.00 	 100.00 	 100.00 	 100.00 	 100.00 	 100.00 	 100.00 	 100.00 	 100.00 	 100.00 	 100.00 	 100.00 	 100.00 	 100.00 	 100.00 	 100.00 	 100.00 	 100.00 	 100.00 	 100.00 	 100.00 	 100.00 	 100.00 	 100.00 	 100.00 	 100.00 	 100.00 	 100.00 	 100.00 	 100.00 	 100.00 	 100.00 	 100.00 	 100.00 	 100.00 	 100.00 	 100.00 	 100.00 	 100.00 	 100.00 	 100.00 	 100.00 	 100.00 	 100.00
train_eer =  0.0022373521011831905
train_threshold =  -2.1251001358032227
num_total_sum =  4.0
num_correct_sum =  4.0
dev_eer =  0.005062681692698608
66 - 0.0 - 100.00 - 99.76
一轮的训练时间： 560.838942527771
 	 100.00 	 100.00 	 100.00 	 100.00 	 100.00 	 100.00 	 100.00 	 100.00 	 100.00 	 100.00 	 100.00 	 100.00 	 100.00 	 100.00 	 100.00 	 100.00 	 100.00 	 100.00 	 100.00 	 100.00 	 100.00 	 100.00 	 100.00 	 100.00 	 100.00 	 100.00 	 100.00 	 100.00 	 100.00 	 100.00 	 100.00 	 100.00 	 100.00 	 100.00 	 100.00 	 100.00 	 100.00 	 100.00 	 100.00 	 100.00 	 100.00 	 100.00 	 100.00 	 100.00 	 100.00 	 100.00 	 100.00 	 100.00 	 100.00 	 100.00 	 100.00 	 100.00 	 100.00 	 96.88 	 96.88 	 96.88 	 100.00 	 100.00 	 100.00 	 100.00 	 100.00 	 100.00 	 100.00 	 100.00 	 100.00 	 100.00 	 100.00 	 100.00 	 100.00 	 100.00 	 100.00 	 100.00 	 100.00 	 100.00 	 100.00 	 100.00 	 100.00 	 100.00 	 100.00
train_eer =  0.00193390452876377
train_threshold =  -1.271319031715393
num_total_sum =  4.0
num_correct_sum =  4.0
dev_eer =  0.0028312869405442065
67 - 0.0 - 100.00 - 99.77
一轮的训练时间： 559.6580276489258
 	 100.00 	 100.00 	 100.00 	 100.00 	 100.00 	 100.00 	 100.00 	 100.00 	 100.00 	 100.00 	 100.00 	 100.00 	 100.00 	 100.00 	 100.00 	 100.00 	 100.00 	 100.00 	 100.00 	 100.00 	 100.00 	 100.00 	 100.00 	 100.00 	 100.00 	 100.00 	 100.00 	 100.00 	 100.00 	 100.00 	 100.00 	 100.00 	 100.00 	 100.00 	 100.00 	 100.00 	 100.00 	 100.00 	 100.00 	 100.00 	 100.00 	 100.00 	 100.00 	 100.00 	 100.00 	 100.00 	 100.00 	 100.00 	 100.00 	 100.00 	 100.00 	 100.00 	 100.00 	 100.00 	 100.00 	 100.00 	 100.00 	 100.00 	 100.00 	 100.00 	 100.00 	 100.00 	 100.00 	 100.00 	 100.00 	 100.00 	 100.00 	 100.00 	 100.00 	 100.00 	 96.88 	 96.88 	 100.00 	 100.00 	 100.00 	 100.00 	 100.00 	 100.00 	 100.00
train_eer =  0.0019558343533251734
train_threshold =  0.2226453274488449
num_total_sum =  4.0
num_correct_sum =  4.0
dev_eer =  0.01530017281401258
68 - 1.4900717360433191e-05 - 100.00 - 99.36
一轮的训练时间： 573.9140191078186
 	 100.00 	 100.00 	 100.00 	 96.88 	 100.00 	 100.00 	 100.00 	 100.00 	 96.88 	 96.88 	 100.00 	 100.00 	 100.00 	 100.00 	 100.00 	 100.00 	 100.00 	 100.00 	 100.00 	 100.00 	 96.88 	 100.00 	 100.00 	 100.00 	 100.00 	 100.00 	 100.00 	 100.00 	 100.00 	 100.00 	 100.00 	 100.00 	 100.00 	 100.00 	 100.00 	 100.00 	 100.00 	 100.00 	 100.00 	 100.00 	 100.00 	 100.00 	 100.00 	 100.00 	 100.00 	 100.00 	 100.00 	 100.00 	 100.00 	 100.00 	 100.00 	 100.00 	 100.00 	 100.00 	 100.00 	 100.00 	 100.00 	 100.00 	 100.00 	 100.00 	 100.00 	 100.00 	 100.00 	 100.00 	 100.00 	 100.00 	 100.00 	 100.00 	 100.00 	 100.00 	 100.00 	 100.00 	 100.00 	 100.00 	 100.00 	 100.00 	 100.00 	 100.00 	 100.00
train_eer =  0.0015208078335373317
train_threshold =  -0.6532025337219238
num_total_sum =  4.0
num_correct_sum =  4.0
dev_eer =  0.005505595050804954
69 - 8.940696005765858e-08 - 100.00 - 99.77
一轮的训练时间： 566.4726774692535
 	 100.00 	 100.00 	 100.00 	 100.00 	 100.00 	 100.00 	 100.00 	 100.00 	 100.00 	 100.00 	 100.00 	 100.00 	 100.00 	 100.00 	 100.00 	 100.00 	 100.00 	 100.00 	 100.00 	 100.00 	 100.00 	 100.00 	 100.00 	 100.00 	 100.00 	 100.00 	 100.00 	 100.00 	 100.00 	 100.00 	 100.00 	 100.00 	 100.00 	 100.00 	 100.00 	 100.00 	 100.00 	 100.00 	 100.00 	 100.00 	 100.00 	 100.00 	 100.00 	 100.00 	 100.00 	 100.00 	 100.00 	 100.00 	 100.00 	 100.00 	 100.00 	 100.00 	 100.00 	 100.00 	 100.00 	 100.00 	 100.00 	 100.00 	 100.00 	 100.00 	 100.00 	 100.00 	 100.00 	 100.00 	 100.00 	 100.00 	 100.00 	 100.00 	 100.00 	 100.00 	 100.00 	 100.00 	 100.00 	 100.00 	 100.00 	 100.00 	 100.00 	 100.00 	 100.00
train_eer =  0.001173500611995104
train_threshold =  -1.9706268310546875
num_total_sum =  4.0
num_correct_sum =  4.0
dev_eer =  0.002365948035254509
70 - 8.940696005765858e-08 - 100.00 - 99.74
一轮的训练时间： 565.0028886795044
 	 100.00 	 100.00 	 100.00 	 100.00 	 100.00 	 100.00 	 100.00 	 100.00 	 100.00 	 100.00 	 100.00 	 100.00 	 100.00 	 100.00 	 100.00 	 100.00 	 100.00 	 96.88 	 100.00 	 100.00 	 100.00 	 100.00 	 100.00 	 100.00 	 100.00 	 100.00 	 100.00 	 100.00 	 100.00 	 100.00 	 100.00 	 100.00 	 100.00 	 100.00 	 100.00 	 100.00 	 100.00 	 100.00 	 96.88 	 100.00 	 100.00 	 100.00 	 100.00 	 100.00 	 100.00 	 100.00 	 100.00 	 100.00 	 100.00 	 100.00 	 100.00 	 100.00 	 100.00 	 100.00 	 100.00 	 100.00 	 93.75 	 100.00 	 100.00 	 100.00 	 100.00 	 100.00 	 100.00 	 96.88 	 100.00 	 100.00 	 100.00 	 100.00 	 100.00 	 100.00 	 100.00 	 100.00 	 100.00 	 100.00 	 100.00 	 100.00 	 100.00 	 100.00 	 100.00
train_eer =  0.0028039575683394533
train_threshold =  -0.13084840774536133
num_total_sum =  4.0
num_correct_sum =  4.0
dev_eer =  0.005505595050804954
71 - 0.002657735487446189 - 100.00 - 99.38
一轮的训练时间： 645.7415344715118
 	 100.00 	 100.00 	 100.00 	 100.00 	 100.00 	 100.00 	 100.00 	 100.00 	 100.00 	 100.00 	 100.00 	 100.00 	 100.00 	 100.00 	 100.00 	 100.00 	 100.00 	 100.00 	 100.00 	 100.00 	 100.00 	 100.00 	 100.00 	 100.00 	 100.00 	 100.00 	 100.00 	 100.00 	 100.00 	 100.00 	 93.75 	 100.00 	 100.00 	 100.00 	 100.00 	 100.00 	 100.00 	 100.00 	 100.00 	 100.00 	 100.00 	 100.00 	 96.88 	 96.88 	 100.00 	 100.00 	 100.00 	 100.00 	 100.00 	 100.00 	 100.00 	 100.00 	 100.00 	 96.88 	 100.00 	 100.00 	 100.00 	 96.88 	 100.00 	 100.00 	 100.00 	 100.00 	 100.00 	 100.00 	 100.00 	 100.00 	 100.00 	 93.75 	 100.00 	 100.00 	 96.88 	 100.00 	 100.00 	 100.00 	 100.00 	 96.88 	 100.00 	 100.00 	 100.00
train_eer =  0.003107405140758874
train_threshold =  -0.5221636295318604
num_total_sum =  4.0
num_correct_sum =  4.0
dev_eer =  0.009418941046651334
72 - 0.0 - 100.00 - 99.40
一轮的训练时间： 704.8643112182617
 	 100.00 	 100.00 	 100.00 	 100.00 	 100.00 	 100.00 	 100.00 	 100.00 	 100.00 	 100.00 	 100.00 	 100.00 	 100.00 	 100.00 	 100.00 	 100.00 	 100.00 	 100.00 	 100.00 	 100.00 	 100.00 	 100.00 	 100.00 	 100.00 	 100.00 	 100.00 	 100.00 	 100.00 	 100.00 	 100.00 	 100.00 	 100.00 	 100.00 	 100.00 	 100.00 	 100.00 	 100.00 	 100.00 	 100.00 	 100.00 	 100.00 	 100.00 	 100.00 	 100.00 	 100.00 	 100.00 	 100.00 	 100.00 	 100.00 	 100.00 	 100.00 	 100.00 	 100.00 	 100.00 	 100.00 	 96.88 	 100.00 	 100.00 	 100.00 	 100.00 	 100.00 	 100.00 	 100.00 	 100.00 	 100.00 	 100.00 	 100.00 	 96.88 	 100.00 	 100.00 	 100.00 	 100.00 	 100.00 	 100.00 	 96.88 	 100.00 	 100.00 	 96.88 	 100.00
train_eer =  0.0019996940024479804
train_threshold =  -1.5942344665527344
num_total_sum =  4.0
num_correct_sum =  4.0
dev_eer =  0.01021506557413062
73 - 0.0 - 100.00 - 99.14
一轮的训练时间： 651.3792214393616
 	 100.00 	 100.00 	 100.00 	 100.00 	 100.00 	 100.00 	 100.00 	 100.00 	 100.00 	 100.00 	 100.00 	 100.00 	 100.00 	 100.00 	 100.00 	 100.00 	 100.00 	 100.00 	 100.00 	 100.00 	 100.00 	 100.00 	 100.00 	 100.00 	 100.00 	 96.88 	 96.88 	 100.00 	 100.00 	 100.00 	 100.00 	 100.00 	 100.00 	 100.00 	 100.00 	 100.00 	 100.00 	 100.00 	 100.00 	 100.00 	 100.00 	 100.00 	 100.00 	 100.00 	 100.00 	 100.00 	 100.00 	 100.00 	 100.00 	 100.00 	 100.00 	 100.00 	 100.00 	 100.00 	 100.00 	 100.00 	 100.00 	 100.00 	 100.00 	 100.00 	 100.00 	 100.00 	 100.00 	 100.00 	 100.00 	 100.00 	 100.00 	 100.00 	 100.00 	 100.00 	 100.00 	 100.00 	 100.00 	 100.00 	 96.88 	 100.00 	 100.00 	 100.00 	 96.88
train_eer =  0.0015427376580987352
train_threshold =  -0.012166023254394531
num_total_sum =  4.0
num_correct_sum =  4.0
dev_eer =  0.0031620725627337963
74 - 0.0 - 100.00 - 99.62
一轮的训练时间： 461.0858783721924
 	 100.00 	 100.00 	 100.00 	 100.00 	 100.00 	 100.00 	 100.00 	 100.00 	 100.00 	 100.00 	 100.00 	 100.00 	 100.00 	 100.00 	 100.00 	 100.00 	 100.00 	 100.00 	 100.00 	 100.00 	 100.00 	 100.00 	 93.75 	 96.88 	 100.00 	 100.00 	 100.00 	 100.00 	 100.00 	 100.00 	 93.75 	 100.00 	 100.00 	 100.00 	 100.00 	 100.00 	 96.88 	 100.00 	 100.00 	 100.00 	 100.00 	 100.00 	 100.00 	 100.00 	 100.00 	 100.00 	 100.00 	 100.00 	 100.00 	 100.00 	 100.00 	 100.00 	 100.00 	 100.00 	 100.00 	 100.00 	 100.00 	 100.00 	 100.00 	 100.00 	 100.00 	 100.00 	 100.00 	 100.00 	 100.00 	 100.00 	 100.00 	 100.00 	 100.00 	 96.88 	 100.00 	 100.00 	 100.00 	 96.88 	 100.00 	 100.00 	 100.00 	 100.00 	 100.00
train_eer =  0.003107405140758874
train_threshold =  -0.6485773324966431
num_total_sum =  4.0
num_correct_sum =  4.0
dev_eer =  0.006677356294840533
75 - 0.0 - 100.00 - 99.54
一轮的训练时间： 454.0620799064636
 	 100.00 	 100.00 	 100.00 	 96.88 	 100.00 	 96.88 	 100.00 	 100.00 	 100.00 	 100.00 	 100.00 	 100.00 	 100.00 	 100.00 	 100.00 	 100.00 	 100.00 	 100.00 	 100.00 	 96.88 	 96.88 	 100.00 	 100.00 	 100.00 	 100.00 	 96.88 	 100.00 	 100.00 	 100.00 	 96.88 	 93.75 	 100.00 	 96.88 	 96.88 	 93.75 	 100.00 	 100.00 	 100.00 	 100.00 	 96.88 	 96.88 	 100.00 	 96.88 	 100.00 	 100.00 	 100.00 	 100.00 	 100.00 	 100.00 	 100.00 	 100.00 	 100.00 	 100.00 	 100.00 	 100.00 	 100.00 	 100.00 	 100.00 	 100.00 	 100.00 	 100.00 	 100.00 	 100.00 	 100.00 	 96.88 	 100.00 	 96.88 	 100.00 	 100.00 	 100.00 	 100.00 	 100.00 	 100.00 	 100.00 	 100.00 	 100.00 	 100.00 	 100.00 	 100.00
train_eer =  0.00465014279885761
train_threshold =  -0.38044309616088867
num_total_sum =  4.0
num_correct_sum =  4.0
dev_eer =  0.003139647015550445
76 - 4.470308340387419e-06 - 100.00 - 99.77
一轮的训练时间： 554.9217736721039
 	 100.00 	 100.00 	 100.00 	 100.00 	 100.00 	 100.00 	 100.00 	 100.00 	 100.00 	 100.00 	 100.00 	 100.00 	 100.00 	 100.00 	 100.00 	 100.00 	 100.00 	 100.00 	 100.00 	 100.00 	 96.88 	 100.00 	 96.88 	 100.00 	 100.00 	 100.00 	 100.00 	 100.00 	 100.00 	 100.00 	 100.00 	 100.00 	 100.00 	 100.00 	 100.00 	 96.88 	 96.88 	 100.00 	 100.00 	 100.00 	 100.00 	 100.00 	 100.00 	 100.00 	 100.00 	 100.00 	 100.00 	 100.00 	 100.00 	 100.00 	 100.00 	 100.00 	 100.00 	 100.00 	 100.00 	 100.00 	 100.00 	 100.00 	 100.00 	 96.88 	 100.00 	 100.00 	 93.75 	 100.00 	 100.00 	 100.00 	 96.88 	 96.88 	 100.00 	 100.00 	 100.00 	 100.00 	 100.00 	 100.00 	 100.00 	 100.00 	 100.00 	 100.00 	 100.00
train_eer =  0.003107405140758874
train_threshold =  -0.41055822372436523
num_total_sum =  4.0
num_correct_sum =  4.0
dev_eer =  0.0031172214683670933
77 - 0.0 - 100.00 - 99.76
一轮的训练时间： 575.8535232543945
 	 100.00 	 100.00 	 100.00 	 100.00 	 100.00 	 100.00 	 100.00 	 100.00 	 100.00 	 100.00 	 100.00 	 100.00 	 100.00 	 100.00 	 100.00 	 100.00 	 100.00 	 100.00 	 100.00 	 100.00 	 100.00 	 100.00 	 100.00 	 100.00 	 100.00 	 100.00 	 100.00 	 100.00 	 100.00 	 100.00 	 100.00 	 96.88 	 93.75 	 100.00 	 100.00 	 100.00 	 100.00 	 100.00 	 100.00 	 100.00 	 100.00 	 100.00 	 100.00 	 100.00 	 100.00 	 100.00 	 100.00 	 100.00 	 100.00 	 100.00 	 100.00 	 100.00 	 100.00 	 100.00 	 100.00 	 96.88 	 100.00 	 100.00 	 100.00 	 100.00 	 100.00 	 100.00 	 100.00 	 100.00 	 100.00 	 100.00 	 100.00 	 100.00 	 100.00 	 100.00 	 100.00 	 100.00 	 100.00 	 100.00 	 100.00 	 100.00 	 100.00 	 100.00 	 100.00
train_eer =  0.002694308445532436
train_threshold =  -0.9844841957092285
num_total_sum =  4.0
num_correct_sum =  4.0
dev_eer =  0.002365948035254509
78 - 0.0 - 100.00 - 99.73
一轮的训练时间： 578.224616765976
 	 100.00 	 100.00 	 100.00 	 100.00 	 96.88 	 96.88 	 100.00 	 100.00 	 100.00 	 100.00 	 96.88 	 96.88 	 100.00 	 100.00 	 100.00 	 100.00 	 100.00 	 100.00 	 100.00 	 100.00 	 100.00 	 100.00 	 100.00 	 100.00 	 100.00 	 100.00 	 100.00 	 100.00 	 100.00 	 100.00 	 100.00 	 100.00 	 100.00 	 100.00 	 100.00 	 100.00 	 100.00 	 100.00 	 100.00 	 100.00 	 100.00 	 100.00 	 100.00 	 100.00 	 100.00 	 100.00 	 100.00 	 100.00 	 100.00 	 100.00 	 96.88 	 100.00 	 100.00 	 100.00 	 100.00 	 100.00 	 100.00 	 100.00 	 100.00 	 100.00 	 100.00 	 100.00 	 100.00 	 100.00 	 100.00 	 100.00 	 100.00 	 100.00 	 100.00 	 100.00 	 100.00 	 100.00 	 100.00 	 100.00 	 100.00 	 100.00 	 100.00 	 100.00 	 100.00
train_eer =  0.0011954304365565075
train_threshold =  -1.3927611112594604
num_total_sum =  4.0
num_correct_sum =  4.0
dev_eer =  0.002674308110260748
79 - 0.0 - 100.00 - 99.80
一轮的训练时间： 570.0808756351471
 	 100.00 	 100.00 	 100.00 	 100.00 	 100.00 	 100.00 	 100.00 	 100.00 	 100.00 	 100.00 	 100.00 	 96.88 	 100.00 	 100.00 	 96.88 	 100.00 	 100.00 	 100.00 	 100.00 	 100.00 	 100.00 	 100.00 	 100.00 	 100.00 	 100.00 	 100.00 	 100.00 	 100.00 	 100.00 	 100.00 	 100.00 	 100.00 	 100.00 	 100.00 	 100.00 	 100.00 	 100.00 	 100.00 	 100.00 	 100.00 	 100.00 	 100.00 	 100.00 	 100.00 	 100.00 	 100.00 	 96.88 	 93.75 	 100.00 	 100.00 	 100.00 	 100.00 	 96.88 	 100.00 	 100.00 	 100.00 	 100.00 	 100.00 	 100.00 	 100.00 	 100.00 	 100.00 	 100.00 	 100.00 	 100.00 	 100.00 	 100.00 	 100.00 	 100.00 	 100.00 	 96.88 	 100.00 	 100.00 	 96.88 	 100.00 	 100.00 	 100.00 	 100.00 	 100.00
train_eer =  0.003107405140758874
train_threshold =  -1.6422367095947266
num_total_sum =  4.0
num_correct_sum =  4.0
dev_eer =  0.011297124629432794
80 - 5.960463766996327e-08 - 100.00 - 98.95
一轮的训练时间： 739.1038453578949
 	 100.00 	 100.00 	 100.00 	 100.00 	 100.00 	 100.00 	 100.00 	 100.00 	 100.00 	 100.00 	 100.00 	 100.00 	 100.00 	 100.00 	 100.00 	 100.00 	 100.00 	 100.00 	 100.00 	 100.00 	 100.00 	 100.00 	 100.00 	 100.00 	 100.00 	 100.00 	 100.00 	 100.00 	 100.00 	 100.00 	 100.00 	 100.00 	 100.00 	 100.00 	 100.00 	 100.00 	 100.00 	 100.00 	 100.00 	 100.00 	 100.00 	 100.00 	 100.00 	 100.00 	 100.00 	 100.00 	 100.00 	 100.00 	 100.00 	 100.00 	 100.00 	 100.00 	 100.00 	 100.00 	 100.00 	 100.00 	 96.88 	 100.00 	 100.00 	 100.00 	 100.00 	 100.00 	 100.00 	 100.00 	 96.88 	 96.88 	 100.00 	 96.88 	 100.00 	 100.00 	 100.00 	 100.00 	 100.00 	 96.88 	 100.00 	 100.00 	 100.00 	 100.00 	 100.00
train_eer =  0.002716238270093839
train_threshold =  -1.8035941123962402
num_total_sum =  4.0
num_correct_sum =  4.0
dev_eer =  0.0035377092792900884
81 - 0.0 - 100.00 - 99.65
一轮的训练时间： 678.8180437088013
 	 100.00 	 100.00 	 100.00 	 100.00 	 100.00 	 100.00 	 100.00 	 100.00 	 100.00 	 100.00 	 100.00 	 100.00 	 100.00 	 100.00 	 100.00 	 100.00 	 93.75 	 100.00 	 100.00 	 100.00 	 100.00 	 100.00 	 100.00 	 100.00 	 100.00 	 100.00 	 100.00 	 100.00 	 100.00 	 100.00 	 100.00 	 100.00 	 100.00 	 100.00 	 100.00 	 100.00 	 100.00 	 100.00 	 100.00 	 100.00 	 100.00 	 100.00 	 100.00 	 100.00 	 100.00 	 100.00 	 100.00 	 100.00 	 100.00 	 100.00 	 100.00 	 100.00 	 100.00 	 100.00 	 100.00 	 100.00 	 93.75 	 100.00 	 100.00 	 100.00 	 100.00 	 100.00 	 100.00 	 100.00 	 100.00 	 100.00 	 100.00 	 100.00 	 100.00 	 100.00 	 100.00 	 96.88 	 100.00 	 100.00 	 100.00 	 96.88 	 96.88 	 100.00 	 100.00
train_eer =  0.002716238270093839
train_threshold =  -6.639411449432373
num_total_sum =  4.0
num_correct_sum =  4.0
dev_eer =  0.020760916770450832
82 - 8.940695295223122e-08 - 100.00 - 94.61
一轮的训练时间： 804.8560371398926
 	 96.88 	 100.00 	 96.88 	 100.00 	 100.00 	 100.00 	 100.00 	 100.00 	 100.00 	 100.00 	 100.00 	 100.00 	 100.00 	 100.00 	 96.88 	 100.00 	 100.00 	 100.00 	 100.00 	 100.00 	 100.00 	 100.00 	 100.00 	 100.00 	 100.00 	 100.00 	 100.00 	 100.00 	 100.00 	 100.00 	 100.00 	 100.00 	 96.88 	 96.88 	 100.00 	 100.00 	 100.00 	 100.00 	 100.00 	 100.00 	 100.00 	 100.00 	 100.00 	 100.00 	 100.00 	 100.00 	 100.00 	 100.00 	 100.00 	 100.00 	 100.00 	 100.00 	 100.00 	 100.00 	 100.00 	 100.00 	 100.00 	 100.00 	 100.00 	 100.00 	 100.00 	 96.88 	 100.00 	 100.00 	 96.88 	 100.00 	 100.00 	 100.00 	 100.00 	 100.00 	 100.00 	 100.00 	 96.88 	 96.88 	 100.00 	 100.00 	 100.00 	 100.00 	 100.00
train_eer =  0.003432782537739698
train_threshold =  -0.13101816177368164
num_total_sum =  4.0
num_correct_sum =  4.0
dev_eer =  0.005881231767361246
83 - 0.0011738884495571256 - 100.00 - 99.50
一轮的训练时间： 589.5754554271698
 	 100.00 	 100.00 	 100.00 	 100.00 	 100.00 	 100.00 	 100.00 	 100.00 	 100.00 	 100.00 	 100.00 	 100.00 	 100.00 	 100.00 	 100.00 	 100.00 	 100.00 	 100.00 	 100.00 	 100.00 	 100.00 	 100.00 	 100.00 	 100.00 	 100.00 	 100.00 	 100.00 	 100.00 	 100.00 	 100.00 	 100.00 	 100.00 	 100.00 	 100.00 	 93.75 	 100.00 	 100.00 	 100.00 	 100.00 	 100.00 	 100.00 	 100.00 	 100.00 	 100.00 	 100.00 	 100.00 	 100.00 	 100.00 	 100.00 	 100.00 	 100.00 	 100.00 	 100.00 	 100.00 	 100.00 	 100.00 	 100.00 	 100.00 	 100.00 	 100.00 	 100.00 	 100.00 	 100.00 	 100.00 	 100.00 	 100.00 	 100.00 	 100.00 	 100.00 	 100.00 	 100.00 	 100.00 	 100.00 	 100.00 	 100.00 	 100.00 	 100.00 	 100.00 	 100.00
train_eer =  0.00193390452876377
train_threshold =  -1.4327192306518555
num_total_sum =  4.0
num_correct_sum =  4.0
dev_eer =  0.0035377092792900884
84 - 2.9802305334669654e-07 - 100.00 - 99.79
一轮的训练时间： 563.1231682300568
 	 100.00 	 100.00 	 100.00 	 100.00 	 100.00 	 100.00 	 100.00 	 100.00 	 100.00 	 100.00 	 100.00 	 100.00 	 100.00 	 100.00 	 96.88 	 100.00 	 100.00 	 100.00 	 100.00 	 100.00 	 100.00 	 100.00 	 96.88 	 100.00 	 100.00 	 100.00 	 100.00 	 100.00 	 100.00 	 100.00 	 100.00 	 100.00 	 100.00 	 100.00 	 100.00 	 100.00 	 100.00 	 100.00 	 100.00 	 100.00 	 100.00 	 100.00 	 100.00 	 100.00 	 100.00 	 100.00 	 100.00 	 100.00 	 100.00 	 100.00 	 100.00 	 100.00 	 100.00 	 100.00 	 100.00 	 100.00 	 100.00 	 100.00 	 100.00 	 100.00 	 100.00 	 100.00 	 100.00 	 100.00 	 100.00 	 100.00 	 100.00 	 100.00 	 100.00 	 100.00 	 100.00 	 100.00 	 100.00 	 100.00 	 100.00 	 100.00 	 100.00 	 100.00 	 100.00
train_eer =  0.0008481232150142799
train_threshold =  -2.449497699737549
num_total_sum =  4.0
num_correct_sum =  4.0
dev_eer =  0.002741584751810801
85 - 0.0 - 100.00 - 99.78
一轮的训练时间： 830.0228114128113
 	 100.00 	 100.00 	 100.00 	 100.00 	 100.00 	 100.00 	 100.00 	 100.00 	 100.00 	 100.00 	 100.00 	 100.00 	 100.00 	 100.00 	 100.00 	 100.00 	 100.00 	 100.00 	 100.00 	 100.00 	 100.00 	 100.00 	 100.00 	 100.00 	 100.00 	 100.00 	 100.00 	 100.00 	 100.00 	 100.00 	 100.00 	 100.00 	 100.00 	 100.00 	 100.00 	 100.00 	 100.00 	 100.00 	 100.00 	 100.00 	 96.88 	 100.00 	 100.00 	 100.00 	 100.00 	 100.00 	 100.00 	 100.00 	 100.00 	 100.00 	 100.00 	 100.00 	 100.00 	 100.00 	 100.00 	 100.00 	 100.00 	 100.00 	 100.00 	 100.00 	 100.00 	 100.00 	 100.00 	 100.00 	 100.00 	 100.00 	 100.00 	 100.00 	 100.00 	 100.00 	 100.00 	 100.00 	 100.00 	 100.00 	 100.00 	 100.00 	 100.00 	 100.00 	 100.00
train_eer =  0.0008700530395756834
train_threshold =  -2.58079195022583
num_total_sum =  4.0
num_correct_sum =  4.0
dev_eer =  0.017666120849267088
86 - 0.0 - 100.00 - 99.51
一轮的训练时间： 872.1281309127808
 	 100.00 	 100.00 	 100.00 	 100.00 	 100.00 	 100.00 	 100.00 	 100.00 	 100.00 	 100.00 	 100.00 	 100.00 	 100.00 	 100.00 	 100.00 	 100.00 	 100.00 	 100.00 	 96.88 	 100.00 	 100.00 	 100.00 	 100.00 	 100.00 	 100.00 	 100.00 	 100.00 	 100.00 	 100.00 	 100.00 	 100.00 	 100.00 	 100.00 	 100.00 	 100.00 	 100.00 	 100.00 	 100.00 	 100.00 	 100.00 	 100.00 	 100.00 	 100.00 	 100.00 	 100.00 	 100.00 	 100.00 	 100.00 	 100.00 	 100.00 	 100.00 	 100.00 	 100.00 	 100.00 	 100.00 	 100.00 	 100.00 	 100.00 	 100.00 	 100.00 	 100.00 	 100.00 	 100.00 	 100.00 	 100.00 	 100.00 	 100.00 	 100.00 	 100.00 	 100.00 	 100.00 	 100.00 	 100.00 	 100.00 	 100.00 	 100.00 	 100.00 	 100.00 	 100.00
train_eer =  0.0007604039167686659
train_threshold =  -3.4332785606384277
num_total_sum =  4.0
num_correct_sum =  4.0
dev_eer =  0.004709470523325667
87 - 0.0 - 100.00 - 99.66
一轮的训练时间： 884.9757351875305
 	 100.00 	 100.00 	 100.00 	 100.00 	 100.00 	 100.00 	 100.00 	 100.00 	 100.00 	 100.00 	 100.00 	 100.00 	 100.00 	 100.00 	 100.00 	 100.00 	 100.00 	 100.00 	 100.00 	 100.00 	 100.00 	 100.00 	 100.00 	 100.00 	 100.00 	 100.00 	 100.00 	 100.00 	 100.00 	 100.00 	 100.00 	 100.00 	 96.88 	 100.00 	 100.00 	 100.00 	 100.00 	 100.00 	 100.00 	 100.00 	 100.00 	 100.00 	 100.00 	 100.00 	 96.88 	 100.00 	 96.88 	 96.88 	 100.00 	 100.00 	 100.00 	 100.00 	 100.00 	 100.00 	 100.00 	 96.88 	 100.00 	 100.00 	 100.00 	 100.00 	 100.00 	 100.00 	 100.00 	 100.00 	 100.00 	 100.00 	 100.00 	 100.00 	 100.00 	 96.88 	 100.00 	 100.00 	 100.00 	 96.88 	 100.00 	 100.00 	 100.00 	 96.88 	 100.00
train_eer =  0.003107405140758874
train_threshold =  -2.787590265274048
num_total_sum =  4.0
num_correct_sum =  4.0
dev_eer =  0.0027640102989941527
88 - 0.0 - 100.00 - 99.74
一轮的训练时间： 862.3434889316559
 	 100.00 	 100.00 	 100.00 	 100.00 	 100.00 	 100.00 	 100.00 	 100.00 	 100.00 	 100.00 	 100.00 	 100.00 	 100.00 	 100.00 	 100.00 	 100.00 	 100.00 	 96.88 	 100.00 	 100.00 	 100.00 	 100.00 	 96.88 	 96.88 	 96.88 	 100.00 	 100.00 	 100.00 	 100.00 	 100.00 	 100.00 	 100.00 	 100.00 	 100.00 	 100.00 	 100.00 	 100.00 	 100.00 	 100.00 	 100.00 	 100.00 	 100.00 	 100.00 	 100.00 	 100.00 	 100.00 	 100.00 	 100.00 	 100.00 	 100.00 	 100.00 	 100.00 	 100.00 	 100.00 	 100.00 	 100.00 	 100.00 	 100.00 	 100.00 	 100.00 	 100.00 	 100.00 	 100.00 	 100.00 	 100.00 	 100.00 	 100.00 	 100.00 	 100.00 	 100.00 	 100.00 	 100.00 	 100.00 	 100.00 	 100.00 	 100.00 	 100.00 	 100.00 	 100.00
train_eer =  0.0022812117503059975
train_threshold =  -2.3265092372894287
num_total_sum =  4.0
num_correct_sum =  4.0
dev_eer =  0.004311408259586024
89 - 0.0 - 100.00 - 99.65
一轮的训练时间： 880.5205318927765
